#OUT: 5000 5000 SS p1 100 ./slim_s2/t_1.txt
Mutations:
0 4796 m1 2036 0 0.5 p1 118 36
83 12709 m1 126533 0 0.5 p1 315 7
11 13210 m1 35404 0 0.5 p1 327 7
3 14202 m1 54569 0 0.5 p1 352 14
24 16083 m1 38434 0 0.5 p1 399 8
117 18967 m1 138066 0 0.5 p1 472 8
47 19984 m1 22550 0 0.5 p1 499 15
116 20621 m1 131721 0 0.5 p1 513 11
12 21156 m1 40080 0 0.5 p1 528 6
64 21880 m1 123593 0 0.5 p1 544 3
55 24668 m1 132659 0 0.5 p1 615 9
38 25785 m1 88227 0 0.5 p1 642 14
61 28519 m1 64645 0 0.5 p1 711 3
189 28521 m1 27243 0 0.5 p1 711 2
165 29722 m1 21686 0 0.5 p1 742 7
119 32071 m1 148794 0 0.5 p1 802 13
17 32270 m1 97629 0 0.5 p1 806 15
1 33041 m1 3857 0 0.5 p1 825 32
134 33812 m1 122316 0 0.5 p1 845 2
86 33856 m1 57363 0 0.5 p1 846 6
127 35642 m1 91676 0 0.5 p1 892 10
30 37295 m1 128818 0 0.5 p1 936 9
163 37732 m1 188581 0 0.5 p1 949 3
102 38866 m1 115439 0 0.5 p1 977 7
166 40157 m1 56680 0 0.5 p1 1010 6
27 41679 m1 46998 0 0.5 p1 1049 8
82 42987 m1 125844 0 0.5 p1 1082 7
20 43912 m1 120683 0 0.5 p1 1106 18
78 44342 m1 14059 0 0.5 p1 1116 6
5 44706 m1 91113 0 0.5 p1 1125 2
150 45200 m1 130629 0 0.5 p1 1138 1
26 45766 m1 41668 0 0.5 p1 1151 8
14 46911 m1 65077 0 0.5 p1 1180 11
48 47233 m1 31604 0 0.5 p1 1189 12
49 52056 m1 50760 0 0.5 p1 1308 3
32 52709 m1 154329 0 0.5 p1 1324 7
67 53721 m1 3637 0 0.5 p1 1349 7
66 53892 m1 3565 0 0.5 p1 1353 7
36 55199 m1 41719 0 0.5 p1 1385 9
89 60307 m1 159602 0 0.5 p1 1511 2
152 61554 m1 193657 0 0.5 p1 1541 1
100 65066 m1 99736 0 0.5 p1 1629 7
52 68517 m1 90623 0 0.5 p1 1715 3
148 68582 m1 84500 0 0.5 p1 1717 1
72 70249 m1 182268 0 0.5 p1 1759 20
56 70409 m1 153700 0 0.5 p1 1763 20
147 70565 m1 81651 0 0.5 p1 1768 1
16 74203 m1 78886 0 0.5 p1 1857 18
4 76593 m1 74697 0 0.5 p1 1917 11
35 77232 m1 32060 0 0.5 p1 1933 9
105 77358 m1 126797 0 0.5 p1 1936 1
6 77454 m1 101264 0 0.5 p1 1938 2
29 77615 m1 116118 0 0.5 p1 1943 10
85 79040 m1 47489 0 0.5 p1 1977 6
136 80863 m1 166214 0 0.5 p1 2021 2
107 81993 m1 134315 0 0.5 p1 2050 1
53 83680 m1 91403 0 0.5 p1 2093 3
51 87202 m1 81427 0 0.5 p1 2182 3
101 88859 m1 100168 0 0.5 p1 2223 7
34 89798 m1 27363 0 0.5 p1 2245 13
124 90772 m1 153310 0 0.5 p1 2269 4
44 91341 m1 3772 0 0.5 p1 2284 2
2 91525 m1 21886 0 0.5 p1 2288 34
43 92695 m1 167348 0 0.5 p1 2318 3
188 93933 m1 2490 0 0.5 p1 2347 2
62 96320 m1 82747 0 0.5 p1 2406 3
90 96749 m1 180909 0 0.5 p1 2417 2
114 99032 m1 189196 0 0.5 p1 2474 5
129 100326 m1 160674 0 0.5 p1 2508 5
33 101113 m1 173121 0 0.5 p1 2528 8
135 102697 m1 145083 0 0.5 p1 2567 2
75 102745 m1 131385 0 0.5 p1 2568 3
31 102959 m1 133288 0 0.5 p1 2573 10
118 104299 m1 145032 0 0.5 p1 2606 8
153 104904 m1 198392 0 0.5 p1 2621 1
79 107172 m1 35454 0 0.5 p1 2678 7
120 107448 m1 20734 0 0.5 p1 2685 3
178 108162 m1 159229 0 0.5 p1 2704 2
76 109134 m1 189518 0 0.5 p1 2729 8
46 109916 m1 19704 0 0.5 p1 2748 2
77 110030 m1 13790 0 0.5 p1 2751 6
123 110377 m1 152618 0 0.5 p1 2760 4
158 110581 m1 194575 0 0.5 p1 2765 4
151 111993 m1 187721 0 0.5 p1 2801 1
68 112470 m1 39099 0 0.5 p1 2813 4
95 113419 m1 98308 0 0.5 p1 2837 3
141 115549 m1 129372 0 0.5 p1 2888 1
182 117591 m1 76875 0 0.5 p1 2940 2
104 117607 m1 54987 0 0.5 p1 2940 3
99 119079 m1 88906 0 0.5 p1 2977 3
87 120706 m1 59777 0 0.5 p1 3020 6
96 120762 m1 142967 0 0.5 p1 3021 5
168 122679 m1 171194 0 0.5 p1 3070 4
58 122979 m1 123 0 0.5 p1 3078 3
126 124113 m1 65052 0 0.5 p1 3105 6
84 124398 m1 37740 0 0.5 p1 3112 19
70 126466 m1 159846 0 0.5 p1 3161 4
97 127277 m1 49534 0 0.5 p1 3180 2
98 127827 m1 84846 0 0.5 p1 3194 3
23 130399 m1 178913 0 0.5 p1 3257 8
128 132176 m1 98241 0 0.5 p1 3301 6
80 132951 m1 54797 0 0.5 p1 3320 11
19 133648 m1 120023 0 0.5 p1 3337 6
172 133826 m1 95912 0 0.5 p1 3341 3
37 133885 m1 75510 0 0.5 p1 3343 14
197 134393 m1 162477 0 0.5 p1 3356 4
177 137313 m1 47175 0 0.5 p1 3426 3
173 138076 m1 116767 0 0.5 p1 3445 2
106 138129 m1 133580 0 0.5 p1 3446 1
184 139453 m1 113387 0 0.5 p1 3479 2
130 139669 m1 153968 0 0.5 p1 3484 7
22 140139 m1 164734 0 0.5 p1 3496 2
131 140952 m1 166763 0 0.5 p1 3517 5
174 141300 m1 147182 0 0.5 p1 3526 2
9 142571 m1 144417 0 0.5 p1 3558 1
146 143527 m1 72426 0 0.5 p1 3582 1
159 143721 m1 5482 0 0.5 p1 3586 2
179 145827 m1 182625 0 0.5 p1 3639 2
65 146192 m1 181352 0 0.5 p1 3648 9
192 148958 m1 68739 0 0.5 p1 3720 2
199 149076 m1 29451 0 0.5 p1 3722 2
45 149281 m1 8322 0 0.5 p1 3727 2
195 149400 m1 148033 0 0.5 p1 3731 2
15 149429 m1 71837 0 0.5 p1 3732 7
93 149512 m1 81694 0 0.5 p1 3734 6
132 149690 m1 171303 0 0.5 p1 3738 5
183 151624 m1 81849 0 0.5 p1 3786 3
108 152217 m1 177480 0 0.5 p1 3802 2
63 152271 m1 105956 0 0.5 p1 3803 6
223 153270 m1 105039 0 0.5 p1 3828 1
196 153446 m1 155365 0 0.5 p1 3832 2
208 153708 m1 170511 0 0.5 p1 3839 2
209 156155 m1 187331 0 0.5 p1 3898 2
28 156756 m1 53630 0 0.5 p1 3913 3
111 157345 m1 179942 0 0.5 p1 3927 8
161 157496 m1 90585 0 0.5 p1 3931 2
138 157758 m1 117226 0 0.5 p1 3938 3
50 157885 m1 59383 0 0.5 p1 3941 3
113 158744 m1 183370 0 0.5 p1 3963 8
176 161184 m1 44216 0 0.5 p1 4023 3
211 162128 m1 36464 0 0.5 p1 4048 2
92 162259 m1 43530 0 0.5 p1 4051 2
191 163560 m1 41994 0 0.5 p1 4085 2
8 163862 m1 142562 0 0.5 p1 4093 1
154 164441 m1 2291 0 0.5 p1 4108 3
160 165628 m1 7465 0 0.5 p1 4137 1
13 165661 m1 42804 0 0.5 p1 4138 4
164 166684 m1 5745 0 0.5 p1 4163 5
71 166906 m1 166376 0 0.5 p1 4170 3
60 168337 m1 53069 0 0.5 p1 4203 3
59 168962 m1 44053 0 0.5 p1 4219 2
193 169730 m1 116726 0 0.5 p1 4239 2
121 170568 m1 92702 0 0.5 p1 4260 4
203 171176 m1 18052 0 0.5 p1 4275 1
180 171593 m1 197843 0 0.5 p1 4286 1
122 171815 m1 150931 0 0.5 p1 4291 4
25 172997 m1 41102 0 0.5 p1 4322 2
54 173616 m1 110861 0 0.5 p1 4340 3
187 174090 m1 155505 0 0.5 p1 4351 1
41 174178 m1 139293 0 0.5 p1 4353 3
220 175911 m1 198950 0 0.5 p1 4397 1
91 176025 m1 30092 0 0.5 p1 4399 2
205 176604 m1 181414 0 0.5 p1 4413 1
69 178225 m1 143982 0 0.5 p1 4452 3
185 178258 m1 176064 0 0.5 p1 4453 1
140 178438 m1 22048 0 0.5 p1 4457 4
112 178625 m1 181097 0 0.5 p1 4462 2
198 179891 m1 185135 0 0.5 p1 4494 2
202 180410 m1 29342 0 0.5 p1 4507 1
221 180717 m1 33156 0 0.5 p1 4515 2
222 181294 m1 191956 0 0.5 p1 4530 2
21 182184 m1 150639 0 0.5 p1 4551 2
218 182253 m1 85481 0 0.5 p1 4553 1
206 182751 m1 92342 0 0.5 p1 4565 1
186 182988 m1 7683 0 0.5 p1 4571 1
181 183401 m1 12714 0 0.5 p1 4582 1
194 184637 m1 135602 0 0.5 p1 4612 2
213 184720 m1 135069 0 0.5 p1 4614 1
207 185265 m1 17867 0 0.5 p1 4627 1
133 185273 m1 19666 0 0.5 p1 4627 2
40 185896 m1 135325 0 0.5 p1 4644 3
125 185903 m1 41110 0 0.5 p1 4644 1
210 186085 m1 23904 0 0.5 p1 4649 2
214 186595 m1 169143 0 0.5 p1 4662 1
157 186751 m1 146881 0 0.5 p1 4666 1
74 187109 m1 97799 0 0.5 p1 4674 1
57 187614 m1 173014 0 0.5 p1 4688 7
217 188231 m1 9478 0 0.5 p1 4704 1
143 188304 m1 122754 0 0.5 p1 4705 3
109 188378 m1 73238 0 0.5 p1 4707 2
88 188585 m1 84203 0 0.5 p1 4713 2
139 188880 m1 7358 0 0.5 p1 4719 1
190 189153 m1 34453 0 0.5 p1 4726 2
204 189284 m1 160355 0 0.5 p1 4729 1
42 189456 m1 145785 0 0.5 p1 4733 3
39 189517 m1 98320 0 0.5 p1 4734 3
162 190562 m1 144983 0 0.5 p1 4760 1
175 191099 m1 95661 0 0.5 p1 4774 1
201 191588 m1 61216 0 0.5 p1 4786 1
73 191859 m1 185970 0 0.5 p1 4792 3
7 192094 m1 130128 0 0.5 p1 4798 1
142 192268 m1 107463 0 0.5 p1 4802 2
155 192307 m1 20332 0 0.5 p1 4803 3
216 192522 m1 30581 0 0.5 p1 4809 1
200 192555 m1 65221 0 0.5 p1 4809 1
167 193449 m1 91896 0 0.5 p1 4832 3
110 193556 m1 147247 0 0.5 p1 4835 2
170 193891 m1 120171 0 0.5 p1 4844 2
103 194397 m1 4487 0 0.5 p1 4856 1
171 194588 m1 135778 0 0.5 p1 4860 2
115 194828 m1 64404 0 0.5 p1 4866 1
212 195197 m1 160865 0 0.5 p1 4874 1
145 195282 m1 34210 0 0.5 p1 4877 1
137 196849 m1 152509 0 0.5 p1 4916 2
94 197028 m1 85073 0 0.5 p1 4921 1
10 197031 m1 185303 0 0.5 p1 4921 1
156 197323 m1 57583 0 0.5 p1 4928 1
144 197777 m1 113581 0 0.5 p1 4940 1
215 198617 m1 175894 0 0.5 p1 4961 1
169 198920 m1 197908 0 0.5 p1 4968 3
219 198977 m1 118565 0 0.5 p1 4970 1
81 199392 m1 116802 0 0.5 p1 4981 1
149 199939 m1 126446 0 0.5 p1 4994 1
18 200190 m2 100000 0.0199999996 0.5 p1 5000 9
Genomes:
p1:0 A 0 1 2 3 4 5 6 7 8 9 10
p1:1 A 0 1 2 11 12 13 14 15 16 17 18 19 20 21 22 23
p1:2 A 24 25 26 27 28 29 30 31 32 33
p1:3 A 34 35 36 37 38 39 18 20 40 41 42 43
p1:4 A 44 45 46 47 48 49 3 50 51 52 53 54 55 56 57
p1:5 A 0 1 2 48 49 3 50 51 52 53 54 55 56 57
p1:6 A 58 59 60 61 62 38 63 64 65
p1:7 A 66 67 34 68 16 17 69 56
p1:8 A 0 1 2 3 4 38 20 70 71 72 73
p1:9 A 34 35 36 74 75 76
p1:10 A 77 78 79 80 81 82 83
p1:11 A 0 1 2 84 85 86 87 15 16 88 17 19 20 89 90
p1:12 A 47 91 48 92 3 93 94 95 20 70
p1:13 A 47 48 3 93 96 65
p1:14 A 97 98 99 100 101 102 23
p1:15 A 0 1 103 2 104 105 106 107 108
p1:16 A 0 1 2 11 12 13 14 15 16 17 19 20 108
p1:17 A 109 37 38 20 110 111 112 72 113 114
p1:18 A 34 35 36 115 116 117 118 119 65
p1:19 A 120 37 38 20 70 71 72 73
p1:20 A 0 1 2 84 14 16 121 17 122 123 124 33
p1:21 A 0 1 2 84 125 80 126 127 128 119 129
p1:22 A 0 1 11 116 117 118 119 130 131 132 72
p1:23 A 0 1 2 84 85 86 87 15 16 88 116 117 118 119 130 131 132 72
p1:24 A 66 67 34 68 16 17 69 56
p1:25 A 85 86 87 116 117 118 119 130 131 132 72
p1:26 A 0 1 133 2 104 134 55 135 136
p1:27 A 34 35 36 18 116 117 118 119 137 130 76
p1:28 A 66 67 47 11 12 14 16 29 138 30 31 57
p1:29 A 85 86 87 116 117 118 119 130 131 132 72
p1:30 A 0 1 139 2 140 3 4 5 6 141
p1:31 A 0 1 2 84 100 101 142 102 143 56
p1:32 A 24 26 27 144 29 30 31 32 33
p1:33 A 145 146 147 148 149 150 151 152 153
p1:34 A 154 77 78 155 79 60 156 61 62 38 63 157 119 129 158
p1:35 A 34 35 36 37 38 39 20 40 41 42 43
p1:36 A 159 160 47 24 26 27 161 82 83 162
p1:37 A 66 67 34 68 16 17 56
p1:38 A 0 1 2 84 14 16 121 17 122 123 124 163
p1:39 A 0 164 165 166 4 167 20 56 168 111 72 113 169
p1:40 A 24 25 26 27 28 18 29 30 31 32 33
p1:41 A 154 77 78 155 79 80 170 171 56 65
p1:42 A 0 1 2 140 127 172 18 173 174 76
p1:43 A 44 45 46 47 48 49 3 50 51 52 53 54 55 56 57
p1:44 A 120 37 38 20 70 71 72 73
p1:45 A 0 1 133 2 104 134 55 135 136
p1:46 A 77 78 79 80 82 83
p1:47 A 0 1 2 29 30 31 32 33
p1:48 A 0 1 2 84 175 100 101 102 143 56
p1:49 A 97 98 99 100 101 102 23
p1:50 A 47 48 176 177 37 116 55 23
p1:51 A 47 91 48 92 3 93 96 178 179 180
p1:52 A 181 34 35 36 96 65
p1:53 A 2 84 182 183 127 95 184 75 185
p1:54 A 186 47 48 3 93 96 178 179
p1:55 A 154 77 78 155 79 80 29 31 32 187 33
p1:56 A 188 189 190 191 3 192 4 193 194 195 196 197 72 198
p1:57 A 165 199 166 200 4 183 127 95 18 184 75 76
p1:58 A 24 26 27 29 30 31 32 33
p1:59 A 0 1 2 37 38
p1:60 A 85 86 87 116 117 118 119 130 131 132 72
p1:61 A 58 79 80 201 126 127 128 170 171 56 65
p1:62 A 34 202 35 36 172 63 76
p1:63 A 66 67 203 2 84 182 183 127 128 56 204 65 205
p1:64 A 159 47 24 26 27 161 206 82 83 168
p1:65 A 109 37 38 20 110 111 112 72 113 114
p1:66 A 207 47 48 3 93 197 208 72 209
p1:67 A 210 211 37 38 56
p1:68 A 0 1 2 140 127 172 173 174 76
p1:69 A 47 48 3 93 18 96 65
p1:70 A 34 35 36 37 38 39 20 40 41 42 43
p1:71 A 0 1 2 84 80 126 127 128 119 129 158
p1:72 A 47 48 176 177 37 116 55 23
p1:73 A 0 1 2 84 14 16 121 17 18 122 123 124 163
p1:74 A 66 67 34 68 16 17 69 56
p1:75 A 0 1 2 84 14 16 121 17 122 123 124 163
p1:76 A 0 164 165 166 4 167 20 56 168 111 72 113 169
p1:77 A 0 1 2 84 85 86 87 15 16 17 19 20 89 212 90
p1:78 A 0 164 165 166 4 63 213 214 76
p1:79 A 24 26 27 28 82 83 215 111 72 113 114
p1:80 A 58 216 59 60 61 62 38 63 64 65
p1:81 A 0 1 217 2 84 218 17 18 82 83 111 72 113 114
p1:82 A 1 2 11 12 13 14 15 16 17 219 19 20 21 22 23 220
p1:83 A 0 1 2 221 84 80 126 127 128 119 129 222 158
p1:84 A 120 37 29 30 31 32 33
p1:85 A 188 189 190 191 3 192 4 193 194 195 196 197 72 198
p1:86 A 0 1 2 221 84 80 126 127 128 119 129 222 158
p1:87 A 77 78 79 80 82 83
p1:88 A 0 1 2 84 100 101 102 56
p1:89 A 0 1 2 140 84 100 101 142 102 143 56
p1:90 A 0 1 2 11 12 13 14 15 16 17 19 20 111 72 113 114
p1:91 A 165 199 166 4 223 197 208 72 209
p1:92 A 66 67 47 11 12 14 16 29 138 30 31 57
p1:93 A 210 211 37 38 56
p1:94 A 24 26 27 80 126 98 99 100 101 102 23
p1:95 A 47 48 176 177 37 116 55 23
p1:96 A 0 164 165 63 64 55 56 57
p1:97 A 0 164 165 166 4 167 20 56 168 111 72 113 169
p1:98 A 2 84 14 16 29 138 30 31 57
p1:99 A 34 35 36 116 117 118 119 137 130 76
