#OUT: 5010 5010 SS p1 100 ./slim_s2/t_10.txt
Mutations:
0 4796 m1 2036 0 0.5 p1 118 40
18 12709 m1 126533 0 0.5 p1 315 6
119 13210 m1 35404 0 0.5 p1 327 7
79 14202 m1 54569 0 0.5 p1 352 10
12 16083 m1 38434 0 0.5 p1 399 5
111 18967 m1 138066 0 0.5 p1 472 9
11 19984 m1 22550 0 0.5 p1 499 17
176 20499 m1 48576 0 0.5 p1 511 2
110 20621 m1 131721 0 0.5 p1 513 9
120 21156 m1 40080 0 0.5 p1 528 5
184 21880 m1 123593 0 0.5 p1 544 1
146 24668 m1 132659 0 0.5 p1 615 6
46 25785 m1 88227 0 0.5 p1 642 16
44 28519 m1 64645 0 0.5 p1 711 5
163 29722 m1 21686 0 0.5 p1 742 2
8 32071 m1 148794 0 0.5 p1 802 22
102 32270 m1 97629 0 0.5 p1 806 11
1 33041 m1 3857 0 0.5 p1 825 40
155 33812 m1 122316 0 0.5 p1 845 2
107 33856 m1 57363 0 0.5 p1 846 7
6 35642 m1 91676 0 0.5 p1 892 20
21 37295 m1 128818 0 0.5 p1 936 10
172 37732 m1 188581 0 0.5 p1 949 4
67 38866 m1 115439 0 0.5 p1 977 8
57 40157 m1 56680 0 0.5 p1 1010 5
14 41679 m1 46998 0 0.5 p1 1049 5
17 42987 m1 125844 0 0.5 p1 1082 6
81 43912 m1 120683 0 0.5 p1 1106 10
88 44342 m1 14059 0 0.5 p1 1116 7
132 44706 m1 91113 0 0.5 p1 1125 3
52 45200 m1 130629 0 0.5 p1 1138 1
13 45766 m1 41668 0 0.5 p1 1151 5
122 46911 m1 65077 0 0.5 p1 1180 10
56 47233 m1 31604 0 0.5 p1 1189 12
140 52056 m1 50760 0 0.5 p1 1308 3
23 52709 m1 154329 0 0.5 p1 1324 8
26 53721 m1 3637 0 0.5 p1 1349 6
25 53892 m1 3565 0 0.5 p1 1353 6
36 55199 m1 41719 0 0.5 p1 1385 5
203 60307 m1 159602 0 0.5 p1 1511 2
54 61554 m1 193657 0 0.5 p1 1541 1
64 65066 m1 99736 0 0.5 p1 1629 9
143 68517 m1 90623 0 0.5 p1 1715 3
61 70249 m1 182268 0 0.5 p1 1759 17
30 70409 m1 153700 0 0.5 p1 1763 21
124 74203 m1 78886 0 0.5 p1 1857 14
58 76593 m1 74697 0 0.5 p1 1917 8
35 77232 m1 32060 0 0.5 p1 1933 5
90 77358 m1 126797 0 0.5 p1 1936 3
185 77454 m1 101264 0 0.5 p1 1938 2
20 77615 m1 116118 0 0.5 p1 1943 11
106 79040 m1 47489 0 0.5 p1 1977 7
157 80863 m1 166214 0 0.5 p1 2021 3
92 81993 m1 134315 0 0.5 p1 2050 3
144 83680 m1 91403 0 0.5 p1 2093 3
142 87202 m1 81427 0 0.5 p1 2182 3
65 88859 m1 100168 0 0.5 p1 2223 9
34 89798 m1 27363 0 0.5 p1 2245 7
86 90772 m1 153310 0 0.5 p1 2269 5
136 91341 m1 3772 0 0.5 p1 2284 3
2 91525 m1 21886 0 0.5 p1 2288 42
183 92695 m1 167348 0 0.5 p1 2318 2
45 96320 m1 82747 0 0.5 p1 2406 5
224 96749 m1 180909 0 0.5 p1 2417 1
105 99032 m1 189196 0 0.5 p1 2474 3
9 100326 m1 160674 0 0.5 p1 2508 13
24 101113 m1 173121 0 0.5 p1 2528 8
156 102697 m1 145083 0 0.5 p1 2567 3
38 102745 m1 131385 0 0.5 p1 2568 6
22 102959 m1 133288 0 0.5 p1 2573 11
112 104299 m1 145032 0 0.5 p1 2606 8
55 104904 m1 198392 0 0.5 p1 2621 1
89 107172 m1 35454 0 0.5 p1 2678 9
173 107448 m1 20734 0 0.5 p1 2685 3
188 108162 m1 159229 0 0.5 p1 2704 1
39 109134 m1 189518 0 0.5 p1 2729 3
138 109916 m1 19704 0 0.5 p1 2748 3
87 110030 m1 13790 0 0.5 p1 2751 7
85 110377 m1 152618 0 0.5 p1 2760 5
48 110581 m1 194575 0 0.5 p1 2765 10
53 111993 m1 187721 0 0.5 p1 2801 1
135 112470 m1 39099 0 0.5 p1 2813 2
74 113419 m1 98308 0 0.5 p1 2837 4
97 115549 m1 129372 0 0.5 p1 2888 3
28 117591 m1 76875 0 0.5 p1 2940 5
218 117607 m1 54987 0 0.5 p1 2940 1
154 119079 m1 88906 0 0.5 p1 2977 1
108 120706 m1 59777 0 0.5 p1 3020 7
133 120762 m1 142967 0 0.5 p1 3021 5
19 122679 m1 171194 0 0.5 p1 3070 1
40 122979 m1 123 0 0.5 p1 3078 6
162 123604 m1 120507 0 0.5 p1 3092 2
5 124113 m1 65052 0 0.5 p1 3105 15
3 124398 m1 37740 0 0.5 p1 3112 30
82 126466 m1 159846 0 0.5 p1 3161 3
152 127277 m1 49534 0 0.5 p1 3180 1
153 127827 m1 84846 0 0.5 p1 3194 1
96 130174 m1 118484 0 0.5 p1 3251 2
127 130399 m1 178913 0 0.5 p1 3257 1
161 131560 m1 103160 0 0.5 p1 3286 2
7 132176 m1 98241 0 0.5 p1 3301 14
4 132951 m1 54797 0 0.5 p1 3320 20
125 133648 m1 120023 0 0.5 p1 3337 2
70 133885 m1 75510 0 0.5 p1 3343 11
60 134393 m1 162477 0 0.5 p1 3356 5
84 137313 m1 47175 0 0.5 p1 3426 2
91 138129 m1 133580 0 0.5 p1 3446 3
75 139453 m1 113387 0 0.5 p1 3479 3
113 139669 m1 153968 0 0.5 p1 3484 9
126 140139 m1 164734 0 0.5 p1 3496 1
115 140952 m1 166763 0 0.5 p1 3517 8
187 142571 m1 144417 0 0.5 p1 3558 1
95 143527 m1 72426 0 0.5 p1 3582 2
10 143721 m1 5482 0 0.5 p1 3586 1
189 145827 m1 182625 0 0.5 p1 3639 1
32 146192 m1 181352 0 0.5 p1 3648 11
160 146295 m1 72069 0 0.5 p1 3651 2
164 149076 m1 29451 0 0.5 p1 3722 2
137 149281 m1 8322 0 0.5 p1 3727 3
123 149429 m1 71837 0 0.5 p1 3732 4
80 149512 m1 81694 0 0.5 p1 3734 4
116 149690 m1 171303 0 0.5 p1 3738 8
29 151624 m1 81849 0 0.5 p1 3786 5
93 152217 m1 177480 0 0.5 p1 3802 4
47 152271 m1 105956 0 0.5 p1 3803 5
71 153270 m1 105039 0 0.5 p1 3828 3
72 153708 m1 170511 0 0.5 p1 3839 2
73 156155 m1 187331 0 0.5 p1 3898 2
192 156756 m1 53630 0 0.5 p1 3913 1
103 157345 m1 179942 0 0.5 p1 3927 3
159 157445 m1 67194 0 0.5 p1 3930 2
15 157496 m1 90585 0 0.5 p1 3931 1
148 157758 m1 117226 0 0.5 p1 3938 4
141 157885 m1 59383 0 0.5 p1 3941 3
104 158744 m1 183370 0 0.5 p1 3963 3
198 159884 m1 5979 0 0.5 p1 3992 1
83 161184 m1 44216 0 0.5 p1 4023 2
69 162128 m1 36464 0 0.5 p1 4048 4
78 162259 m1 43530 0 0.5 p1 4051 2
186 163862 m1 142562 0 0.5 p1 4093 1
121 165661 m1 42804 0 0.5 p1 4138 2
213 166906 m1 166376 0 0.5 p1 4170 1
43 168337 m1 53069 0 0.5 p1 4203 5
42 168962 m1 44053 0 0.5 p1 4219 5
169 170568 m1 92702 0 0.5 p1 4260 4
131 171156 m1 178940 0 0.5 p1 4274 2
27 171176 m1 18052 0 0.5 p1 4275 2
190 171593 m1 197843 0 0.5 p1 4286 1
171 171815 m1 150931 0 0.5 p1 4291 4
191 172997 m1 41102 0 0.5 p1 4322 1
145 173616 m1 110861 0 0.5 p1 4340 3
199 174090 m1 155505 0 0.5 p1 4351 1
181 174178 m1 139293 0 0.5 p1 4353 2
128 175911 m1 198950 0 0.5 p1 4397 1
77 176025 m1 30092 0 0.5 p1 4399 2
33 176604 m1 181414 0 0.5 p1 4413 2
207 177072 m1 114644 0 0.5 p1 4424 1
177 177679 m1 145904 0 0.5 p1 4439 3
76 178258 m1 176064 0 0.5 p1 4453 3
211 178438 m1 22048 0 0.5 p1 4457 2
130 178625 m1 181097 0 0.5 p1 4462 1
94 178972 m1 10042 0 0.5 p1 4471 2
117 180717 m1 33156 0 0.5 p1 4515 4
118 181294 m1 191956 0 0.5 p1 4530 4
100 182253 m1 85481 0 0.5 p1 4553 2
16 182751 m1 92342 0 0.5 p1 4565 1
134 183809 m1 181716 0 0.5 p1 4592 4
41 184018 m1 8119 0 0.5 p1 4597 3
170 184527 m1 126416 0 0.5 p1 4608 3
193 185265 m1 17867 0 0.5 p1 4627 2
217 185273 m1 19666 0 0.5 p1 4627 1
98 185771 m1 193740 0 0.5 p1 4641 3
180 185896 m1 135325 0 0.5 p1 4644 2
167 185903 m1 41110 0 0.5 p1 4644 2
175 186031 m1 47363 0 0.5 p1 4647 2
158 186085 m1 23904 0 0.5 p1 4649 2
166 186751 m1 146881 0 0.5 p1 4666 1
37 187109 m1 97799 0 0.5 p1 4674 1
147 187614 m1 173014 0 0.5 p1 4688 5
174 188181 m1 46904 0 0.5 p1 4702 2
99 188231 m1 9478 0 0.5 p1 4704 2
68 188304 m1 122754 0 0.5 p1 4705 2
208 188585 m1 84203 0 0.5 p1 4713 2
215 188880 m1 7358 0 0.5 p1 4719 1
31 189284 m1 160355 0 0.5 p1 4729 2
182 189456 m1 145785 0 0.5 p1 4733 2
179 189517 m1 98320 0 0.5 p1 4734 2
206 189570 m1 109303 0 0.5 p1 4736 1
62 190231 m1 182280 0 0.5 p1 4752 3
205 191251 m1 42450 0 0.5 p1 4777 1
195 191588 m1 61216 0 0.5 p1 4786 1
214 191859 m1 185970 0 0.5 p1 4792 1
66 192268 m1 107463 0 0.5 p1 4802 2
216 193201 m1 70141 0 0.5 p1 4826 1
178 193305 m1 191196 0 0.5 p1 4829 2
129 193556 m1 147247 0 0.5 p1 4835 1
194 193784 m1 112719 0 0.5 p1 4841 1
196 193891 m1 120171 0 0.5 p1 4844 1
200 194433 m1 192543 0 0.5 p1 4857 1
59 194509 m1 126325 0 0.5 p1 4859 3
197 194588 m1 135778 0 0.5 p1 4860 1
101 194589 m1 96043 0 0.5 p1 4860 1
151 195275 m1 130632 0 0.5 p1 4877 1
225 195326 m1 13142 0 0.5 p1 4878 1
219 195666 m1 91185 0 0.5 p1 4886 1
228 195937 m1 116008 0 0.5 p1 4893 1
51 196015 m1 110122 0 0.5 p1 4895 1
226 196059 m1 76313 0 0.5 p1 4896 1
220 196201 m1 148556 0 0.5 p1 4900 1
227 196426 m1 19027 0 0.5 p1 4905 1
109 196546 m1 86944 0 0.5 p1 4908 2
209 196849 m1 152509 0 0.5 p1 4916 1
149 196927 m1 192583 0 0.5 p1 4918 1
202 197526 m1 131066 0 0.5 p1 4933 1
222 197660 m1 67221 0 0.5 p1 4937 1
168 197717 m1 22884 0 0.5 p1 4938 1
50 198283 m1 97254 0 0.5 p1 4953 1
223 198302 m1 67685 0 0.5 p1 4953 1
165 198809 m1 107253 0 0.5 p1 4966 1
204 198864 m1 37645 0 0.5 p1 4967 1
201 199280 m1 18084 0 0.5 p1 4978 1
212 199392 m1 116802 0 0.5 p1 4981 1
139 199711 m1 36433 0 0.5 p1 4988 1
221 199735 m1 14606 0 0.5 p1 4989 1
49 199874 m1 63076 0 0.5 p1 4992 1
114 200005 m1 158056 0 0.5 p1 4996 1
63 200190 m2 100000 0.0199999996 0.5 p1 5000 9
210 200253 m1 30489 0 0.5 p1 5002 1
150 200447 m1 125757 0 0.5 p1 5007 1
Genomes:
p1:0 A 0 1 2 3 4 5 6 7 8 9
p1:1 A 10 11 12 13 14 15 16 17 18 19
p1:2 A 0 1 2 20 21 22 23 24
p1:3 A 25 26 27 2 3 28 29 6 7 30 31 32 33
p1:4 A 34 35 36 37 38 39
p1:5 A 40 41 42 43 44 45 46 47 8 9 48
p1:6 A 0 1 2 3 4 49 5 6 50 51 52 53 54 55
p1:7 A 11 56 57 58 59 60 61 62
p1:8 A 12 13 14 63 20 21 22 23 24
p1:9 A 0 1 2 3 64 65 66 67 68 30
p1:10 A 69 70 71 60 72 61 73
p1:11 A 2 3 28 29 6 74 75 38 76
p1:12 A 11 77 56 78 79 80 74 81 82
p1:13 A 11 56 83 84 70 46 85 86
p1:14 A 87 88 89 4 5 90 91 92 93
p1:15 A 0 1 94 2 95 46 96 81 97 32 98
p1:16 A 0 1 99 2 3 100 101 102 17 18 103 61 104 105
p1:17 A 106 107 108 109 110 111 112 8 113 114 115 116 61
p1:18 A 0 1 27 2 3 28 29 6 7 63 30 31 32 33
p1:19 A 11 56 83 84 70 46 90 91 92 93
p1:20 A 0 1 2 117 3 4 5 6 7 8 9 118 48
p1:21 A 11 56 57 58 59 60 61 62
p1:22 A 0 1 2 119 120 121 122 123 124 102 125 81 126 127 128
p1:23 A 0 1 2 81 129 103 130 61 104 105
p1:24 A 87 88 89 4 5 6 7 30 131 32
p1:25 A 0 1 2 119 120 121 122 123 124 102 20 21 22 23 24
p1:26 A 0 1 2 79 58 132 133 32 134
p1:27 A 25 26 34 135 124 102 30
p1:28 A 0 1 2 3 4 5 6 7 8 9 48
p1:29 A 0 1 2 117 3 4 5 6 7 8 9 118 48
p1:30 A 136 137 138 11 56 139 140 79 141 142 143 144 145 146 30 147
p1:31 A 25 26 11 119 120 122 124 20 148 21 22 147 149
p1:32 A 12 13 14 63 20 150 21 151 22 23 24
p1:33 A 11 152 153 154 64 65 155 146 156 157 48
p1:34 A 158 69 70 46 30
p1:35 A 106 107 108 109 110 111 112 8 113 115 116 61
p1:36 A 87 88 89 4 5 6 7 30 131 32
p1:37 A 106 107 108 110 111 112 8 113 115 116 61
p1:38 A 136 137 138 11 56 140 79 141 142 143 144 145 146 30 147
p1:39 A 87 88 89 4 159 160 6 161 162 38
p1:40 A 0 1 99 2 3 100 102 17 18 103 61 104 105
p1:41 A 163 164 57 58 71 165 30
p1:42 A 25 26 11 119 120 122 124 63 20 148 21 22 147
p1:43 A 40 42 43 44 45 46 47 166 8 9 48
p1:44 A 0 1 2 3 167 4 5 6 7 8 9
p1:45 A 0 1 2 168 3 122 124 169 102 170 171 85 86 172
p1:46 A 0 1 94 2 95 46 96 81 97 32 98
p1:47 A 173 70 20 21 22 23 24
p1:48 A 34 35 36 110 111 112 8 113 115 116 61 98
p1:49 A 0 1 119 174 175 176 64 65 67 177 30 178
p1:50 A 34 35 36 70 46 179 81 180 181 182 183
p1:51 A 40 42 43 44 45 46 47 184 30
p1:52 A 0 1 2 3 122 124 169 102 171 85 86 172
p1:53 A 11 56 57 58 63 59 60 61 62
p1:54 A 0 1 2 3 122 124 169 102 170 171 85 86 172
p1:55 A 0 1 2 3 64 65 67 30
p1:56 A 0 1 2 79 58 132 185 186 187
p1:57 A 11 77 56 78 79 80 133 188 189 190
p1:58 A 158 69 70 46 30
p1:59 A 163 164 57 58 63 71 60 72 61 73
p1:60 A 0 1 119 174 175 176 64 65 67 177 30 178
p1:61 A 12 191 13 14 192 17 18 146 156 157
p1:62 A 106 107 108 110 111 112 8 113 115 116 61
p1:63 A 0 1 2 117 3 4 5 6 7 8 9 118 48
p1:64 A 2 3 28 29 6 74 75 38 76
p1:65 A 25 26 11 119 120 122 124 20 148 21 22 113 115 116 61
p1:66 A 193 11 56 79 80 194 133 32 134
p1:67 A 40 41 42 43 44 45 46 47 8 9 48
p1:68 A 0 1 2 3 122 124 169 102 170 171 85 86 172
p1:69 A 40 89 4 195 5 6 7 63 196 197 30 32
p1:70 A 136 137 138 11 56 140 79 141 142 143 144 145 146 30 147
p1:71 A 198 173 70 46 63 81 22 23 199 24 200
p1:72 A 0 1 201 2 133 32 134
p1:73 A 69 70 46 202 110 111 8 203
p1:74 A 0 1 2 204 3 205 64 65 67 177 30
p1:75 A 0 1 2 3 4 122 124 206 207 20 148 82
p1:76 A 2 3 28 29 6 74 75 38 76
p1:77 A 89 4 5 90 91 92 93
p1:78 A 0 1 2 3 64 65 67 30
p1:79 A 193 11 56 79 80 133 32 134
p1:80 A 0 1 2 3 106 107 108 123 124 208 110 111 112 8 113 115 116 61
p1:81 A 0 1 2 3 64 65 67 30
p1:82 A 34 35 36 110 111 112 8 209 113 39
p1:83 A 34 210 35 36 70 46 179 81 180 181 182 183
p1:84 A 0 1 2 117 3 4 5 6 7 8 9 118 48
p1:85 A 0 1 2 63 20 21 22 23 24
p1:86 A 0 1 2 211 3 64 65 66 67 68 30
p1:87 A 87 88 89 4 17 18
p1:88 A 87 88 89 4 212 17 18
p1:89 A 173 70 46 81 82 213 61 214
p1:90 A 0 1 2 3 167 4 5 6 7 8 9
p1:91 A 12 13 14 20 21 22 23 24
p1:92 A 0 1 215 2 211 79 58 132 185 97
p1:93 A 87 88 89 4 159 216 160 6 161 162 38 93
p1:94 A 0 1 217 2 218 219 155 146 156 220 157
p1:95 A 40 41 221 42 43 44 222 223 45 46 47 8 9 48
p1:96 A 106 107 108 110 111 112 8 113 115 116 61
p1:97 A 0 1 2 3 106 107 108 123 124 208 102 125 81 203 224
p1:98 A 25 26 225 34 135 226 124 102 39
p1:99 A 0 1 227 2 3 4 5 6 7 228 8 9
