#OUT: 5100 5100 SS p1 100 ./slim_s2/t_100.txt
Mutations:
0 4796 m1 2036 0 0.5 p1 118 27
52 12709 m1 126533 0 0.5 p1 315 5
3 13210 m1 35404 0 0.5 p1 327 10
38 14202 m1 54569 0 0.5 p1 352 20
45 16083 m1 38434 0 0.5 p1 399 5
19 18967 m1 138066 0 0.5 p1 472 6
44 19984 m1 22550 0 0.5 p1 499 22
56 20499 m1 48576 0 0.5 p1 511 1
18 20621 m1 131721 0 0.5 p1 513 8
4 21156 m1 40080 0 0.5 p1 528 10
130 24668 m1 132659 0 0.5 p1 615 5
28 25785 m1 88227 0 0.5 p1 642 21
79 28519 m1 64645 0 0.5 p1 711 3
54 29722 m1 21686 0 0.5 p1 742 2
21 32071 m1 148794 0 0.5 p1 802 17
9 32270 m1 97629 0 0.5 p1 806 14
1 33041 m1 3857 0 0.5 p1 825 27
172 33812 m1 122316 0 0.5 p1 845 1
207 33856 m1 57363 0 0.5 p1 846 1
39 35642 m1 91676 0 0.5 p1 892 11
11 37295 m1 128818 0 0.5 p1 936 9
114 37732 m1 188581 0 0.5 p1 949 1
117 38866 m1 115439 0 0.5 p1 977 4
189 40157 m1 56680 0 0.5 p1 1010 1
47 41679 m1 46998 0 0.5 p1 1049 4
51 42987 m1 125844 0 0.5 p1 1082 5
33 43912 m1 120683 0 0.5 p1 1106 17
119 44342 m1 14059 0 0.5 p1 1116 8
91 44706 m1 91113 0 0.5 p1 1125 4
46 45766 m1 41668 0 0.5 p1 1151 5
6 46911 m1 65077 0 0.5 p1 1180 12
70 47233 m1 31604 0 0.5 p1 1189 16
140 52056 m1 50760 0 0.5 p1 1308 2
13 52709 m1 154329 0 0.5 p1 1324 12
67 53721 m1 3637 0 0.5 p1 1349 10
66 53892 m1 3565 0 0.5 p1 1353 10
17 55199 m1 41719 0 0.5 p1 1385 11
31 60307 m1 159602 0 0.5 p1 1511 2
115 65066 m1 99736 0 0.5 p1 1629 4
143 68517 m1 90623 0 0.5 p1 1715 3
25 70249 m1 182268 0 0.5 p1 1759 11
57 70409 m1 153700 0 0.5 p1 1763 17
8 74203 m1 78886 0 0.5 p1 1857 21
90 76593 m1 74697 0 0.5 p1 1917 5
16 77232 m1 32060 0 0.5 p1 1933 11
165 77358 m1 126797 0 0.5 p1 1936 2
92 77454 m1 101264 0 0.5 p1 1938 4
10 77615 m1 116118 0 0.5 p1 1943 11
206 79040 m1 47489 0 0.5 p1 1977 1
167 81993 m1 134315 0 0.5 p1 2050 2
144 83680 m1 91403 0 0.5 p1 2093 3
142 87202 m1 81427 0 0.5 p1 2182 3
116 88859 m1 100168 0 0.5 p1 2223 4
15 89798 m1 27363 0 0.5 p1 2245 19
113 90772 m1 153310 0 0.5 p1 2269 1
137 91341 m1 3772 0 0.5 p1 2284 1
2 91525 m1 21886 0 0.5 p1 2288 31
187 92695 m1 167348 0 0.5 p1 2318 2
80 96320 m1 82747 0 0.5 p1 2406 3
210 96749 m1 180909 0 0.5 p1 2417 1
148 99032 m1 189196 0 0.5 p1 2474 1
41 100326 m1 160674 0 0.5 p1 2508 11
14 101113 m1 173121 0 0.5 p1 2528 12
103 102745 m1 131385 0 0.5 p1 2568 4
12 102959 m1 133288 0 0.5 p1 2573 16
20 104299 m1 145032 0 0.5 p1 2606 5
120 107172 m1 35454 0 0.5 p1 2678 8
32 107448 m1 20734 0 0.5 p1 2685 7
151 108162 m1 159229 0 0.5 p1 2704 4
131 109134 m1 189518 0 0.5 p1 2729 5
139 109916 m1 19704 0 0.5 p1 2748 2
118 110030 m1 13790 0 0.5 p1 2751 8
112 110377 m1 152618 0 0.5 p1 2760 1
42 110581 m1 194575 0 0.5 p1 2765 7
68 112470 m1 39099 0 0.5 p1 2813 8
101 113419 m1 98308 0 0.5 p1 2837 4
93 115549 m1 129372 0 0.5 p1 2888 4
98 117591 m1 76875 0 0.5 p1 2940 4
208 120706 m1 59777 0 0.5 p1 3020 1
72 120762 m1 142967 0 0.5 p1 3021 11
53 122679 m1 171194 0 0.5 p1 3070 2
75 122979 m1 123 0 0.5 p1 3078 3
65 124113 m1 65052 0 0.5 p1 3105 7
62 124398 m1 37740 0 0.5 p1 3112 16
34 126466 m1 159846 0 0.5 p1 3161 5
128 130174 m1 118484 0 0.5 p1 3251 1
61 130399 m1 178913 0 0.5 p1 3257 5
40 132176 m1 98241 0 0.5 p1 3301 7
64 132951 m1 54797 0 0.5 p1 3320 14
58 133648 m1 120023 0 0.5 p1 3337 6
173 133826 m1 95912 0 0.5 p1 3341 4
27 133885 m1 75510 0 0.5 p1 3343 16
175 134393 m1 162477 0 0.5 p1 3356 1
164 137313 m1 47175 0 0.5 p1 3426 2
166 138129 m1 133580 0 0.5 p1 3446 2
102 139453 m1 113387 0 0.5 p1 3479 4
22 139669 m1 153968 0 0.5 p1 3484 5
60 140139 m1 164734 0 0.5 p1 3496 4
23 140952 m1 166763 0 0.5 p1 3517 5
159 142571 m1 144417 0 0.5 p1 3558 2
127 143527 m1 72426 0 0.5 p1 3582 1
43 143721 m1 5482 0 0.5 p1 3586 2
152 145827 m1 182625 0 0.5 p1 3639 4
87 146192 m1 181352 0 0.5 p1 3648 14
55 149076 m1 29451 0 0.5 p1 3722 2
138 149281 m1 8322 0 0.5 p1 3727 2
7 149429 m1 71837 0 0.5 p1 3732 7
71 149512 m1 81694 0 0.5 p1 3734 12
24 149690 m1 171303 0 0.5 p1 3738 5
99 151624 m1 81849 0 0.5 p1 3786 4
168 152217 m1 177480 0 0.5 p1 3802 3
81 152271 m1 105956 0 0.5 p1 3803 9
174 153270 m1 105039 0 0.5 p1 3828 2
176 153708 m1 170511 0 0.5 p1 3839 1
177 156155 m1 187331 0 0.5 p1 3898 1
146 157345 m1 179942 0 0.5 p1 3927 1
48 157496 m1 90585 0 0.5 p1 3931 2
82 157758 m1 117226 0 0.5 p1 3938 5
141 157885 m1 59383 0 0.5 p1 3941 2
147 158744 m1 183370 0 0.5 p1 3963 1
163 161184 m1 44216 0 0.5 p1 4023 2
26 162128 m1 36464 0 0.5 p1 4048 4
150 162259 m1 43530 0 0.5 p1 4051 1
158 163862 m1 142562 0 0.5 p1 4093 2
178 164441 m1 2291 0 0.5 p1 4108 2
5 165661 m1 42804 0 0.5 p1 4138 6
35 166906 m1 166376 0 0.5 p1 4170 4
78 168337 m1 53069 0 0.5 p1 4203 3
77 168962 m1 44053 0 0.5 p1 4219 3
204 170568 m1 92702 0 0.5 p1 4260 1
153 171593 m1 197843 0 0.5 p1 4286 1
111 171815 m1 150931 0 0.5 p1 4291 1
145 173616 m1 110861 0 0.5 p1 4340 3
106 174090 m1 155505 0 0.5 p1 4351 7
184 174178 m1 139293 0 0.5 p1 4353 2
122 174914 m1 19172 0 0.5 p1 4372 2
126 175107 m1 72182 0 0.5 p1 4376 1
85 175911 m1 198950 0 0.5 p1 4397 2
149 176025 m1 30092 0 0.5 p1 4399 1
197 176604 m1 181414 0 0.5 p1 4413 1
94 176631 m1 172668 0 0.5 p1 4413 3
200 177072 m1 114644 0 0.5 p1 4424 1
162 178225 m1 143982 0 0.5 p1 4452 1
104 178258 m1 176064 0 0.5 p1 4453 4
37 178438 m1 22048 0 0.5 p1 4457 4
156 180410 m1 29342 0 0.5 p1 4507 5
201 180717 m1 33156 0 0.5 p1 4515 1
192 180963 m1 166375 0 0.5 p1 4522 1
202 181294 m1 191956 0 0.5 p1 4530 1
59 182184 m1 150639 0 0.5 p1 4551 2
49 182751 m1 92342 0 0.5 p1 4565 2
69 182988 m1 7683 0 0.5 p1 4571 6
193 183401 m1 12714 0 0.5 p1 4582 2
88 183809 m1 181716 0 0.5 p1 4592 4
76 184018 m1 8119 0 0.5 p1 4597 2
110 184527 m1 126416 0 0.5 p1 4608 1
86 185265 m1 17867 0 0.5 p1 4627 5
133 185771 m1 193740 0 0.5 p1 4641 1
183 185896 m1 135325 0 0.5 p1 4644 2
63 185903 m1 41110 0 0.5 p1 4644 2
134 186085 m1 23904 0 0.5 p1 4649 2
181 186751 m1 146881 0 0.5 p1 4666 3
123 187020 m1 26617 0 0.5 p1 4672 2
89 187109 m1 97799 0 0.5 p1 4674 2
74 187614 m1 173014 0 0.5 p1 4688 8
194 188880 m1 7358 0 0.5 p1 4719 1
196 189284 m1 160355 0 0.5 p1 4729 1
185 189456 m1 145785 0 0.5 p1 4733 2
182 189517 m1 98320 0 0.5 p1 4734 2
199 189570 m1 109303 0 0.5 p1 4736 1
205 189900 m1 181716 0 0.5 p1 4744 1
215 190099 m1 33865 0 0.5 p1 4749 2
100 190637 m1 93862 0 0.5 p1 4762 1
97 190941 m1 36433 0 0.5 p1 4770 1
36 191859 m1 185970 0 0.5 p1 4792 4
157 192094 m1 130128 0 0.5 p1 4798 1
190 192555 m1 65221 0 0.5 p1 4809 1
171 193221 m1 51908 0 0.5 p1 4827 1
169 193311 m1 8060 0 0.5 p1 4829 1
216 193891 m1 120171 0 0.5 p1 4844 2
107 194433 m1 192543 0 0.5 p1 4857 5
217 194588 m1 135778 0 0.5 p1 4860 2
209 195197 m1 160865 0 0.5 p1 4874 1
186 195818 m1 159674 0 0.5 p1 4890 1
96 196911 m1 15024 0 0.5 p1 4918 1
83 196927 m1 192583 0 0.5 p1 4918 2
180 196962 m1 168756 0 0.5 p1 4919 2
30 197526 m1 131066 0 0.5 p1 4933 1
109 198014 m1 78456 0 0.5 p1 4946 2
161 199392 m1 116802 0 0.5 p1 4981 1
50 200190 m2 100000 0 0.5 p1 5000 20
95 200509 m1 118865 0 0.5 p1 5008 1
124 200757 m1 33283 0 0.5 p1 5014 2
188 200852 m1 28287 0 0.5 p1 5017 1
129 200942 m1 129811 0 0.5 p1 5019 1
212 200994 m1 173374 0 0.5 p1 5020 1
108 201180 m1 136712 0 0.5 p1 5025 1
203 201337 m1 55667 0 0.5 p1 5029 1
154 201686 m1 23830 0 0.5 p1 5038 1
191 201733 m1 136171 0 0.5 p1 5039 1
132 201829 m1 76554 0 0.5 p1 5042 1
121 201881 m1 12056 0 0.5 p1 5043 2
105 201993 m1 47847 0 0.5 p1 5046 1
213 202616 m1 184752 0 0.5 p1 5062 1
73 202693 m1 147095 0 0.5 p1 5064 1
125 202863 m1 5933 0 0.5 p1 5068 1
214 203107 m1 180274 0 0.5 p1 5074 1
195 203316 m1 101357 0 0.5 p1 5079 1
136 203444 m1 179359 0 0.5 p1 5083 1
29 203570 m1 128238 0 0.5 p1 5085 1
84 203736 m1 148630 0 0.5 p1 5090 1
160 203758 m1 36286 0 0.5 p1 5090 1
170 203787 m1 18767 0 0.5 p1 5091 1
155 203950 m1 147644 0 0.5 p1 5095 1
135 204048 m1 64105 0 0.5 p1 5098 1
179 204062 m1 43561 0 0.5 p1 5098 1
211 204063 m1 166585 0 0.5 p1 5098 1
198 204069 m1 177880 0 0.5 p1 5098 1
Genomes:
p1:0 A 0 1 2 3 4 5 6 7 8 9 10 11 12 13 14
p1:1 A 15 16 17 18 19 20 21 22 23 24 25
p1:2 A 26 27 28 29 30 18 19 21 31
p1:3 A 32 27 28 33 34 35 25 36
p1:4 A 0 1 2 37 38 39 40 21 41 42
p1:5 A 43 44 45 46 47 48 49 50 51 52 53
p1:6 A 54 55 56 57
p1:7 A 0 1 2 3 4 5 6 7 8 9 50 58 33 59 60 61
p1:8 A 0 1 2 62 63 64 65 39 40 21 41
p1:9 A 66 67 15 68 8 9 50 57
p1:10 A 69 44 70 38 71 72 73 74
p1:11 A 75 76 77 78 79 80 28 81 21 41 42
p1:12 A 66 67 44 3 4 6 8 10 82 11 12 74 83
p1:13 A 0 1 2 3 4 5 6 7 8 9 58 33 84 60 61 85
p1:14 A 62 64 65 39 40 50 21 41
p1:15 A 86 44 70 38 71 50 72 87 88
p1:16 A 86 44 70 38 71 72 87 88
p1:17 A 66 67 44 3 4 6 8 10 82 11 12 74
p1:18 A 15 16 17 89 18 19 20 21 22 23 24 25
p1:19 A 32 27 28 33 34 35 25 36
p1:20 A 0 1 2 37 38 90 91 92 93 94 87
p1:21 A 0 1 2 3 4 5 6 7 8 9 50 95 58 33 59 60 61
p1:22 A 96 2 97 62 98 99 39 100 101 102 103 104 87
p1:23 A 66 67 15 68 8 9 11 12 13 14
p1:24 A 75 76 77 78 79 80 28 81 21 41 42
p1:25 A 86 44 70 38 71 72 87 88
p1:26 A 0 1 2 105 27 28
p1:27 A 32 27 28 33 12 13 106 14 107
p1:28 A 0 1 2 62 63 64 65 39 40 108 21 41
p1:29 A 66 67 15 68 109 8 9 110 111 112 113 114
p1:30 A 0 1 2 62 115 50 116 117 57
p1:31 A 118 119 120 64 51 52
p1:32 A 66 67 44 3 4 6 8 10 82 11 12 74 83
p1:33 A 121 118 119 122 123 124 120 64 65 39 40 57 87
p1:34 A 0 1 125 2 126 127 28 128 33 93 129 18 130 131
p1:35 A 0 1 2 37 38 90 132 91 92 93 94 87
p1:36 A 66 67 15 68 8 9 11 12 13 14
p1:37 A 0 1 2 62 115 116 117 57 87 133
p1:38 A 134 26 135 27 28 57 136
p1:39 A 137 138 139 44 70 140 38 141 142 143 144 145 130 57 74
p1:40 A 0 1 2 3 4 5 6 7 8 9 50 58 33 146 25 147 148
p1:41 A 44 149 70 150 38 71 72 151 152 153
p1:42 A 154 134 26 27 28 155 57
p1:43 A 15 156 16 17 90 91 92 157 158 159
p1:44 A 118 119 120 160 64 50 161 51 52
p1:45 A 66 67 15 68 8 9 162 57
p1:46 A 44 70 163 164 27 28 165 166 167 168
p1:47 A 169 170 45 46 163 164 171 172 18 130 61
p1:48 A 0 1 2 38 90 91 92 158 159
p1:49 A 15 156 16 17 173 50 81 131
p1:50 A 86 44 70 38 71 72 57
p1:51 A 26 27 174 175 176 25 177
p1:52 A 178 118 119 120 179 64 10 12 13 106 14
p1:53 A 32 27 28 33 12 13 106 14 107
p1:54 A 69 44 70 38 71 50 72 151 180 152
p1:55 A 86 44 70 38 71 72 87 88
p1:56 A 178 118 119 120 64 50 10 12 13 106 14
p1:57 A 15 68 8 28 81 181 21 41 42
p1:58 A 66 67 15 68 109 8 9 11 12 13 14
p1:59 A 0 1 2 62 115 116 117 57
p1:60 A 0 1 2 38 27 28 182 33 183 184 185 186 187
p1:61 A 118 119 188 120 64 65 165 166 167 168
p1:62 A 69 44 70 38 71 50 72 151 152
p1:63 A 54 55 189 190 90 50 174 168
p1:64 A 0 1 2 62 64 65 39 40 21 41
p1:65 A 138 139 44 70 140 38 141 142 143 144 145 130 57 74
p1:66 A 15 68 8 28 81 181 21 41 42
p1:67 A 69 44 70 38 71 50 72 151 180 152
p1:68 A 32 27 28 33 34 35 25 36
p1:69 A 66 67 44 3 4 6 8 50 10 82 11 12 74
p1:70 A 75 77 78 79 80 28 81 181 21 41 42
p1:71 A 121 118 119 122 123 124 120 64 10 11 12 191 13 192 14
p1:72 A 0 1 2 57
p1:73 A 193 15 16 17 18 19 20 21 22 23 24 25
p1:74 A 0 1 194 2 37 38 142 143 144 145 130 57 74
p1:75 A 32 27 28 33 12 13 106 14 107
p1:76 A 193 15 16 17 18 19 20 21 22 23 24 25
p1:77 A 2 62 98 99 39 101 102 103 104
p1:78 A 15 16 17 89 195 18 19 20 21 22 23 24 25
p1:79 A 69 44 70 38 71 50 57 196 87 197
p1:80 A 15 156 16 17 173 50 81 131
p1:81 A 0 1 2
p1:82 A 32 27 28 33 12 13 106 14 107
p1:83 A 2 62 98 99 39 101 102 103 104 198
p1:84 A 0 1 2 62 64 6 8 199 200 10 82 34
p1:85 A 0 1 2 201 62 64 65 39 40 21 41 202 42
p1:86 A 43 44 45 46 47 48 49 51 52 53
p1:87 A 0 1 2 62 203 6 8 204 9 93 94 87 205
p1:88 A 15 156 16 17 173 50 81 131
p1:89 A 0 1 2 62 206 207 208 7 8 9 58 33 31 209 210
p1:90 A 69 44 70 27 28 33 12 13 106 211 14 212 213 107
p1:91 A 118 119 120 64 51 52 214
p1:92 A 215 45 46 47 10 216 217 57 87
p1:93 A 2 62 98 99 39 101 102 103 104
p1:94 A 215 45 46 47 10 216 217 57 87
p1:95 A 44 70 38 71 72 87
p1:96 A 15 16 17 27 28 182 33 183 184 185 187
p1:97 A 15 156 16 17 173 50 81 131
p1:98 A 0 1 2 62 115 116 117 34 35 25 36
p1:99 A 0 1 2 3 4 5 6 7 8 9 58 33 60 61 85
