#OUT: 5110 5110 SS p1 100 ./slim_s2/t_110.txt
Mutations:
42 4796 m1 2036 0 0.5 p1 118 25
28 12709 m1 126533 0 0.5 p1 315 9
89 13210 m1 35404 0 0.5 p1 327 8
25 14202 m1 54569 0 0.5 p1 352 23
0 16083 m1 38434 0 0.5 p1 399 7
105 18967 m1 138066 0 0.5 p1 472 2
23 19984 m1 22550 0 0.5 p1 499 26
104 20621 m1 131721 0 0.5 p1 513 2
90 21156 m1 40080 0 0.5 p1 528 8
135 21880 m1 123593 0 0.5 p1 544 4
120 24668 m1 132659 0 0.5 p1 615 7
61 25785 m1 88227 0 0.5 p1 642 12
59 28519 m1 64645 0 0.5 p1 711 6
75 29722 m1 21686 0 0.5 p1 742 2
38 32071 m1 148794 0 0.5 p1 802 13
13 32270 m1 97629 0 0.5 p1 806 11
43 33041 m1 3857 0 0.5 p1 825 23
35 35642 m1 91676 0 0.5 p1 892 20
4 37295 m1 128818 0 0.5 p1 936 10
134 37732 m1 188581 0 0.5 p1 949 1
48 38866 m1 115439 0 0.5 p1 977 5
76 40157 m1 56680 0 0.5 p1 1010 4
2 41679 m1 46998 0 0.5 p1 1049 5
27 42987 m1 125844 0 0.5 p1 1082 9
79 43912 m1 120683 0 0.5 p1 1106 7
54 44342 m1 14059 0 0.5 p1 1116 11
177 44706 m1 91113 0 0.5 p1 1125 4
1 45766 m1 41668 0 0.5 p1 1151 7
91 46911 m1 65077 0 0.5 p1 1180 10
24 47233 m1 31604 0 0.5 p1 1189 20
161 52056 m1 50760 0 0.5 p1 1308 3
6 52709 m1 154329 0 0.5 p1 1324 12
9 53721 m1 3637 0 0.5 p1 1349 12
8 53892 m1 3565 0 0.5 p1 1353 12
116 55199 m1 41719 0 0.5 p1 1385 4
106 60307 m1 159602 0 0.5 p1 1511 1
46 65066 m1 99736 0 0.5 p1 1629 5
164 68517 m1 90623 0 0.5 p1 1715 3
19 70249 m1 182268 0 0.5 p1 1759 10
15 70409 m1 153700 0 0.5 p1 1763 32
12 74203 m1 78886 0 0.5 p1 1857 15
77 76593 m1 74697 0 0.5 p1 1917 8
115 77232 m1 32060 0 0.5 p1 1933 4
94 77358 m1 126797 0 0.5 p1 1936 1
178 77454 m1 101264 0 0.5 p1 1938 4
3 77615 m1 116118 0 0.5 p1 1943 13
122 80863 m1 166214 0 0.5 p1 2021 1
96 81993 m1 134315 0 0.5 p1 2050 1
165 83680 m1 91403 0 0.5 p1 2093 3
163 87202 m1 81427 0 0.5 p1 2182 3
47 88859 m1 100168 0 0.5 p1 2223 5
10 89798 m1 27363 0 0.5 p1 2245 9
133 90772 m1 153310 0 0.5 p1 2269 1
158 91341 m1 3772 0 0.5 p1 2284 4
30 91525 m1 21886 0 0.5 p1 2288 29
60 96320 m1 82747 0 0.5 p1 2406 6
21 99032 m1 189196 0 0.5 p1 2474 4
39 100326 m1 160674 0 0.5 p1 2508 10
7 101113 m1 173121 0 0.5 p1 2528 12
121 102697 m1 145083 0 0.5 p1 2567 1
69 102745 m1 131385 0 0.5 p1 2568 2
5 102959 m1 133288 0 0.5 p1 2573 15
188 104299 m1 145032 0 0.5 p1 2606 1
56 107172 m1 35454 0 0.5 p1 2678 16
167 107448 m1 20734 0 0.5 p1 2685 2
81 108162 m1 159229 0 0.5 p1 2704 2
118 109134 m1 189518 0 0.5 p1 2729 4
160 109916 m1 19704 0 0.5 p1 2748 4
53 110030 m1 13790 0 0.5 p1 2751 11
132 110377 m1 152618 0 0.5 p1 2760 1
41 110581 m1 194575 0 0.5 p1 2765 7
11 112470 m1 39099 0 0.5 p1 2813 5
67 113419 m1 98308 0 0.5 p1 2837 2
205 115549 m1 129372 0 0.5 p1 2888 1
65 117591 m1 76875 0 0.5 p1 2940 6
51 120762 m1 142967 0 0.5 p1 3021 13
62 122679 m1 171194 0 0.5 p1 3070 4
110 122979 m1 123 0 0.5 p1 3078 9
34 124113 m1 65052 0 0.5 p1 3105 12
32 124398 m1 37740 0 0.5 p1 3112 20
186 130399 m1 178913 0 0.5 p1 3257 3
171 131560 m1 103160 0 0.5 p1 3286 1
36 132176 m1 98241 0 0.5 p1 3301 16
33 132951 m1 54797 0 0.5 p1 3320 23
184 133648 m1 120023 0 0.5 p1 3337 4
117 133826 m1 95912 0 0.5 p1 3341 3
17 133885 m1 75510 0 0.5 p1 3343 7
154 134393 m1 162477 0 0.5 p1 3356 2
143 138076 m1 116767 0 0.5 p1 3445 1
95 138129 m1 133580 0 0.5 p1 3446 1
68 139453 m1 113387 0 0.5 p1 3479 2
189 139669 m1 153968 0 0.5 p1 3484 1
185 140139 m1 164734 0 0.5 p1 3496 3
190 140952 m1 166763 0 0.5 p1 3517 2
144 141300 m1 147182 0 0.5 p1 3526 1
181 142571 m1 144417 0 0.5 p1 3558 3
195 143721 m1 5482 0 0.5 p1 3586 2
82 145827 m1 182625 0 0.5 p1 3639 2
87 146192 m1 181352 0 0.5 p1 3648 15
170 146295 m1 72069 0 0.5 p1 3651 1
159 149281 m1 8322 0 0.5 p1 3727 4
183 149429 m1 71837 0 0.5 p1 3732 4
26 149512 m1 81694 0 0.5 p1 3734 16
191 149690 m1 171303 0 0.5 p1 3738 2
66 151624 m1 81849 0 0.5 p1 3786 6
97 152217 m1 177480 0 0.5 p1 3802 1
73 152271 m1 105956 0 0.5 p1 3803 9
119 156756 m1 53630 0 0.5 p1 3913 3
18 157345 m1 179942 0 0.5 p1 3927 5
169 157445 m1 67194 0 0.5 p1 3930 1
196 157496 m1 90585 0 0.5 p1 3931 1
92 157758 m1 117226 0 0.5 p1 3938 4
162 157885 m1 59383 0 0.5 p1 3941 3
20 158744 m1 183370 0 0.5 p1 3963 5
198 159884 m1 5979 0 0.5 p1 3992 1
16 162128 m1 36464 0 0.5 p1 4048 5
150 162259 m1 43530 0 0.5 p1 4051 1
180 163862 m1 142562 0 0.5 p1 4093 3
52 164441 m1 2291 0 0.5 p1 4108 6
207 165628 m1 7465 0 0.5 p1 4137 1
182 165661 m1 42804 0 0.5 p1 4138 4
74 166684 m1 5745 0 0.5 p1 4163 2
63 166906 m1 166376 0 0.5 p1 4170 1
57 168337 m1 53069 0 0.5 p1 4203 6
72 168962 m1 44053 0 0.5 p1 4219 5
129 170568 m1 92702 0 0.5 p1 4260 2
138 171176 m1 18052 0 0.5 p1 4275 3
151 171593 m1 197843 0 0.5 p1 4286 1
131 171815 m1 150931 0 0.5 p1 4291 1
100 172997 m1 41102 0 0.5 p1 4322 2
166 173616 m1 110861 0 0.5 p1 4340 3
84 174090 m1 155505 0 0.5 p1 4351 5
173 174914 m1 19172 0 0.5 p1 4372 1
187 175911 m1 198950 0 0.5 p1 4397 2
149 176025 m1 30092 0 0.5 p1 4399 1
88 176604 m1 181414 0 0.5 p1 4413 4
206 176631 m1 172668 0 0.5 p1 4413 1
14 178225 m1 143982 0 0.5 p1 4452 3
70 178258 m1 176064 0 0.5 p1 4453 2
142 178438 m1 22048 0 0.5 p1 4457 4
114 180410 m1 29342 0 0.5 p1 4507 2
31 180717 m1 33156 0 0.5 p1 4515 2
101 180963 m1 166375 0 0.5 p1 4522 2
40 181294 m1 191956 0 0.5 p1 4530 2
208 181897 m1 91579 0 0.5 p1 4544 1
194 182184 m1 150639 0 0.5 p1 4551 1
197 182751 m1 92342 0 0.5 p1 4565 1
80 182988 m1 7683 0 0.5 p1 4571 5
145 183401 m1 12714 0 0.5 p1 4582 2
86 183801 m1 104132 0 0.5 p1 4591 1
108 183809 m1 181716 0 0.5 p1 4592 3
124 184018 m1 8119 0 0.5 p1 4597 2
130 184527 m1 126416 0 0.5 p1 4608 1
126 184617 m1 27533 0 0.5 p1 4611 1
22 185265 m1 17867 0 0.5 p1 4627 6
123 186085 m1 23904 0 0.5 p1 4649 3
174 187020 m1 26617 0 0.5 p1 4672 1
93 187614 m1 173014 0 0.5 p1 4688 12
49 188304 m1 122754 0 0.5 p1 4705 3
140 189284 m1 160355 0 0.5 p1 4729 3
85 189914 m1 57668 0 0.5 p1 4745 1
155 190231 m1 182280 0 0.5 p1 4752 1
29 190562 m1 144983 0 0.5 p1 4760 1
45 191099 m1 95661 0 0.5 p1 4774 2
111 191588 m1 61216 0 0.5 p1 4786 4
64 191859 m1 185970 0 0.5 p1 4792 1
179 192094 m1 130128 0 0.5 p1 4798 2
192 192268 m1 107463 0 0.5 p1 4802 1
55 192307 m1 20332 0 0.5 p1 4803 3
193 192690 m1 27230 0 0.5 p1 4813 2
204 193068 m1 51097 0 0.5 p1 4822 1
78 193449 m1 91896 0 0.5 p1 4832 1
107 193784 m1 112719 0 0.5 p1 4841 1
112 193891 m1 120171 0 0.5 p1 4844 4
168 194433 m1 192543 0 0.5 p1 4857 2
153 194509 m1 126325 0 0.5 p1 4859 1
113 194588 m1 135778 0 0.5 p1 4860 4
201 195326 m1 13142 0 0.5 p1 4878 1
98 195447 m1 41378 0 0.5 p1 4881 2
202 196059 m1 76313 0 0.5 p1 4896 1
141 196927 m1 192583 0 0.5 p1 4918 2
58 197323 m1 57583 0 0.5 p1 4928 1
103 197526 m1 131066 0 0.5 p1 4933 1
136 198014 m1 78456 0 0.5 p1 4946 1
152 198087 m1 197448 0 0.5 p1 4948 1
127 198700 m1 61758 0 0.5 p1 4963 1
83 199089 m1 197164 0 0.5 p1 4973 1
146 199680 m1 142076 0 0.5 p1 4988 1
99 199990 m1 45449 0 0.5 p1 4995 2
109 200161 m1 193907 0 0.5 p1 5000 1
44 200190 m2 100000 0 0.5 p1 5000 18
139 200257 m1 104292 0 0.5 p1 5002 1
175 200757 m1 33283 0 0.5 p1 5014 1
71 200933 m1 20569 0 0.5 p1 5019 1
37 201210 m1 120008 0 0.5 p1 5026 1
203 201274 m1 191970 0 0.5 p1 5027 1
176 201733 m1 136171 0 0.5 p1 5039 1
128 201845 m1 74438 0 0.5 p1 5042 1
172 201881 m1 12056 0 0.5 p1 5043 1
199 202293 m1 59023 0 0.5 p1 5053 1
125 202867 m1 36840 0 0.5 p1 5068 1
157 203107 m1 180274 0 0.5 p1 5074 1
147 203309 m1 12693 0 0.5 p1 5079 2
156 203446 m1 46635 0 0.5 p1 5083 1
50 203553 m1 14400 0 0.5 p1 5085 1
137 203734 m1 12429 0 0.5 p1 5090 1
102 204250 m1 1621 0 0.5 p1 5102 1
200 204395 m1 127344 0 0.5 p1 5105 1
148 204512 m1 118041 0 0.5 p1 5108 1
Genomes:
p1:0 A 0 1 2 3 4 5 6 7
p1:1 A 8 9 10 11 12 13 14 15
p1:2 A 16 17 3 4 5 18 19 20 21
p1:3 A 22 23 24 25 26 27 28 29
p1:4 A 30 31 32 33 34 35 36 37 38 39 40 41
p1:5 A 42 43 30 32 33 34 35 36 44 38 39
p1:6 A 42 43 30 32 33 34 35 36 38 39
p1:7 A 42 43 30 32 45 46 47 48 49 15
p1:8 A 50 22 0 1 25 26 51 15
p1:9 A 52 53 54 55 56 57 58 59 60 61 27 28 62
p1:10 A 52 53 54 56 33 44 14 15 63 19 64
p1:11 A 30 32 65 66 35 67 68 69 70
p1:12 A 71 72 57 59 60 61 73 38 39 41
p1:13 A 42 74 75 76 77 78 79 15 62 18 19 20
p1:14 A 80 23 24 25 26 44 51 81 82 83
p1:15 A 22 23 24 25 26 51 15
p1:16 A 52 53 54 55 56 33 3 5 6 84 7
p1:17 A 42 43 30 32 85 65 66 35 36 86 15 87 88
p1:18 A 8 9 23 89 90 91 12 44 3 92 4 5 93
p1:19 A 53 54 56 33 34 94 95 96 97
p1:20 A 23 24 98 99 25 26 15
p1:21 A 0 100 1 33 3 4 5 6 101 7
p1:22 A 102 16 17 61 103 104 105 38 106
p1:23 A 22 23 24 25 26 107 51 87 108 109
p1:24 A 52 53 54 56 33 44 3
p1:25 A 80 23 24 25 26 51 93
p1:26 A 110 56 33 111 34 35 36 112 113 15 87
p1:27 A 10 114 115 116 117 44 73 118
p1:28 A 0 100 1 2 119 27 28 120 121 122
p1:29 A 123 16 17 61 15
p1:30 A 23 24 25 26 51 6 7
p1:31 A 110 124 125 72 57 59 60 61 73 38 39 41
p1:32 A 0 1 2 119 27 28 18 19 20 21
p1:33 A 42 74 75 126 76 127 128 77 38 39 41
p1:34 A 42 43 30 32 91 12 129 13 130 131 132 133 134
p1:35 A 8 9 10 11 12 13 14 15
p1:36 A 80 23 24 25 26 73 135 120 15 93
p1:37 A 8 9 10 11 136 12 13 4 5 6 7
p1:38 A 8 9 137 138 30 32 65 66 35 36 139 15 140 87 88
p1:39 A 8 9 23 89 90 91 12 3 92 4 5 93 141
p1:40 A 42 43 30 142 35 117 143 144 118
p1:41 A 145 10 115 116 146 51 87
p1:42 A 42 43 30 32 33 34 35 36 38 39
p1:43 A 23 24 98 99 25 26 15
p1:44 A 110 147 56 33 111 34 35 36 148 112 113 15 87
p1:45 A 52 53 54 55 56 33 3 5 6 84 7
p1:46 A 23 149 24 150 25 26 51 81 82 151
p1:47 A 42 43 30 32 91 12 129 13 51 87 152
p1:48 A 110 72 57 59 60 61 73 135 15
p1:49 A 8 9 23 89 90 91 12 3 92 4 5 93 141
p1:50 A 23 24 76 77 153 154 19 155
p1:51 A 110 56 33 111 34 35 36 112 113 15 87
p1:52 A 23 24 156 25 26 51 87
p1:53 A 42 43 30 142 35 36 38 39 41
p1:54 A 53 54 56 33 27 28 157
p1:55 A 42 43 30 32 46 47 48 15
p1:56 A 158 159 160 23 24 161 25 162 163 164 165 166 120 15 93
p1:57 A 30 32 65 66 35 67 68 69 70
p1:58 A 158 159 160 23 24 161 25 162 163 164 165 166 120 15 93
p1:59 A 167 17 61 79 5 6 84 7 168
p1:60 A 123 16 17 61 44 15
p1:61 A 158 159 160 23 24 33 44 27 28 62
p1:62 A 52 53 54 56 33 44 3 5 6 84 7
p1:63 A 42 43 30 31 32 33 34 35 36 38 39 40 41
p1:64 A 53 54 56 33 169 170 35 44 171 3 4 5 6 7
p1:65 A 80 23 24 25 26 73 135 120 15 93
p1:66 A 110 147 56 33 111 34 35 36 112 113 15 87
p1:67 A 172 53 54 173 174 175 56 33 3 4 5 176 6 101 7
p1:68 A 42 43 30 25 77 177 44 178 179 180 181
p1:69 A 42 43 30 89 90 182 91 183 12 13 184 79 185 186 187
p1:70 A 22 23 24 25 26 51 87 108
p1:71 A 145 10 115 116 104 105 188 38 189 190 191 19
p1:72 A 53 54 56 33 34 35 36 44 38 190 191 19
p1:73 A 22 23 24 25 26 51 87 108
p1:74 A 8 9 23 89 90 91 12 3 92 4 5 93
p1:75 A 42 43 30 25 77 177 178 179 180 181
p1:76 A 80 23 24 25 26 51 93
p1:77 A 123 16 17 61 15
p1:78 A 42 43 30 142 32 46 47 192 48 49 15
p1:79 A 110 193 72 57 59 60 61 73 135 120 15 93
p1:80 A 0 1 2 119 27 28 18 19 20 21
p1:81 A 42 43 30 89 90 182 91 183 12 13 44 184 79 194 185 186
p1:82 A 110 124 72 57 59 60 61 73 6 7
p1:83 A 42 43 30 89 90 182 91 183 12 13 184 79 185 186 187
p1:84 A 10 114 115 116 117 44 73 118
p1:85 A 195 23 0 1 2 196 197 44 27 28 62
p1:86 A 8 9 10 11 12 13 44 15
p1:87 A 42 43 30 32 46 47 48 15
p1:88 A 158 159 160 23 24 161 25 162 163 164 165 166 120 15 93
p1:89 A 8 9 138 30 32 65 66 35 36 15 140 87 88
p1:90 A 198 167 199 17 61 79 200 5 6 84 7 168
p1:91 A 8 9 138 30 32 65 66 35 36 15 140 87 88
p1:92 A 42 43 30 89 90 182 91 183 12 13 44 184 79 18 19 20 21
p1:93 A 8 9 201 10 11 202 12 13 44 118 203
p1:94 A 110 193 56 33 27 28
p1:95 A 42 43 30 32 204 33 34 35 36 38 39 41
p1:96 A 42 43 30 142 25 77 177 178 205 206 87
p1:97 A 195 207 23 32 76 77 208 154 19
p1:98 A 42 43 30 25 77 177 178 180 181
p1:99 A 42 43 30 32 45 46 47 48 49 15
