#OUT: 5120 5120 SS p1 100 ./slim_s2/t_120.txt
Mutations:
50 4796 m1 2036 0 0.5 p1 118 21
27 12709 m1 126533 0 0.5 p1 315 4
70 13210 m1 35404 0 0.5 p1 327 8
15 14202 m1 54569 0 0.5 p1 352 29
21 16083 m1 38434 0 0.5 p1 399 6
32 18967 m1 138066 0 0.5 p1 472 4
13 19984 m1 22550 0 0.5 p1 499 33
215 20499 m1 48576 0 0.5 p1 511 1
31 20621 m1 131721 0 0.5 p1 513 5
71 21156 m1 40080 0 0.5 p1 528 8
139 21880 m1 123593 0 0.5 p1 544 1
104 24668 m1 132659 0 0.5 p1 615 5
43 25785 m1 88227 0 0.5 p1 642 19
136 28519 m1 64645 0 0.5 p1 711 2
167 29722 m1 21686 0 0.5 p1 742 3
34 32071 m1 148794 0 0.5 p1 802 12
5 32270 m1 97629 0 0.5 p1 806 13
51 33041 m1 3857 0 0.5 p1 825 19
103 33812 m1 122316 0 0.5 p1 845 2
80 33856 m1 57363 0 0.5 p1 846 1
86 35642 m1 91676 0 0.5 p1 892 10
128 37295 m1 128818 0 0.5 p1 936 8
216 37732 m1 188581 0 0.5 p1 949 1
154 38866 m1 115439 0 0.5 p1 977 2
168 40157 m1 56680 0 0.5 p1 1010 2
23 41679 m1 46998 0 0.5 p1 1049 4
26 42987 m1 125844 0 0.5 p1 1082 4
44 43912 m1 120683 0 0.5 p1 1106 15
95 44342 m1 14059 0 0.5 p1 1116 8
143 44706 m1 91113 0 0.5 p1 1125 4
22 45766 m1 41668 0 0.5 p1 1151 6
54 46911 m1 65077 0 0.5 p1 1180 9
14 47233 m1 31604 0 0.5 p1 1189 27
196 52056 m1 50760 0 0.5 p1 1308 1
46 52709 m1 154329 0 0.5 p1 1324 12
1 53721 m1 3637 0 0.5 p1 1349 12
0 53892 m1 3565 0 0.5 p1 1353 12
30 55199 m1 41719 0 0.5 p1 1385 7
101 65066 m1 99736 0 0.5 p1 1629 3
199 68517 m1 90623 0 0.5 p1 1715 1
38 70249 m1 182268 0 0.5 p1 1759 11
7 70409 m1 153700 0 0.5 p1 1763 21
4 74203 m1 78886 0 0.5 p1 1857 17
142 76593 m1 74697 0 0.5 p1 1917 6
29 77232 m1 32060 0 0.5 p1 1933 7
156 77358 m1 126797 0 0.5 p1 1936 1
144 77454 m1 101264 0 0.5 p1 1938 4
126 77615 m1 116118 0 0.5 p1 1943 9
79 79040 m1 47489 0 0.5 p1 1977 1
106 80863 m1 166214 0 0.5 p1 2021 2
158 81993 m1 134315 0 0.5 p1 2050 1
200 83680 m1 91403 0 0.5 p1 2093 1
198 87202 m1 81427 0 0.5 p1 2182 1
102 88859 m1 100168 0 0.5 p1 2223 3
2 89798 m1 27363 0 0.5 p1 2245 15
193 91341 m1 3772 0 0.5 p1 2284 1
52 91525 m1 21886 0 0.5 p1 2288 24
138 96320 m1 82747 0 0.5 p1 2406 2
173 99032 m1 189196 0 0.5 p1 2474 2
110 100326 m1 160674 0 0.5 p1 2508 7
48 101113 m1 173121 0 0.5 p1 2528 13
105 102697 m1 145083 0 0.5 p1 2567 3
124 102745 m1 131385 0 0.5 p1 2568 3
45 102959 m1 133288 0 0.5 p1 2573 16
33 104299 m1 145032 0 0.5 p1 2606 4
96 107172 m1 35454 0 0.5 p1 2678 8
40 107448 m1 20734 0 0.5 p1 2685 5
60 108162 m1 159229 0 0.5 p1 2704 10
11 109134 m1 189518 0 0.5 p1 2729 11
195 109916 m1 19704 0 0.5 p1 2748 1
94 110030 m1 13790 0 0.5 p1 2751 8
107 110581 m1 194575 0 0.5 p1 2765 6
3 112470 m1 39099 0 0.5 p1 2813 8
150 113419 m1 98308 0 0.5 p1 2837 1
114 115549 m1 129372 0 0.5 p1 2888 4
84 117591 m1 76875 0 0.5 p1 2940 2
204 117607 m1 54987 0 0.5 p1 2940 1
100 119079 m1 88906 0 0.5 p1 2977 1
81 120706 m1 59777 0 0.5 p1 3020 1
17 120762 m1 142967 0 0.5 p1 3021 25
28 122679 m1 171194 0 0.5 p1 3070 4
132 122979 m1 123 0 0.5 p1 3078 2
163 123604 m1 120507 0 0.5 p1 3092 1
121 124113 m1 65052 0 0.5 p1 3105 7
53 124398 m1 37740 0 0.5 p1 3112 10
151 126466 m1 159846 0 0.5 p1 3161 2
98 127277 m1 49534 0 0.5 p1 3180 1
99 127827 m1 84846 0 0.5 p1 3194 1
113 130174 m1 118484 0 0.5 p1 3251 1
78 130399 m1 178913 0 0.5 p1 3257 2
162 131560 m1 103160 0 0.5 p1 3286 1
87 132176 m1 98241 0 0.5 p1 3301 8
97 132951 m1 54797 0 0.5 p1 3320 14
75 133648 m1 120023 0 0.5 p1 3337 5
119 133826 m1 95912 0 0.5 p1 3341 3
42 133885 m1 75510 0 0.5 p1 3343 16
211 134393 m1 162477 0 0.5 p1 3356 1
181 138076 m1 116767 0 0.5 p1 3445 1
157 138129 m1 133580 0 0.5 p1 3446 1
35 139669 m1 153968 0 0.5 p1 3484 4
77 140139 m1 164734 0 0.5 p1 3496 3
36 140952 m1 166763 0 0.5 p1 3517 4
182 141300 m1 147182 0 0.5 p1 3526 1
147 142571 m1 144417 0 0.5 p1 3558 1
112 143527 m1 72426 0 0.5 p1 3582 1
20 143721 m1 5482 0 0.5 p1 3586 2
61 145827 m1 182625 0 0.5 p1 3639 10
18 146192 m1 181352 0 0.5 p1 3648 15
161 146295 m1 72069 0 0.5 p1 3651 1
214 149076 m1 29451 0 0.5 p1 3722 1
194 149281 m1 8322 0 0.5 p1 3727 1
209 149400 m1 148033 0 0.5 p1 3731 1
73 149429 m1 71837 0 0.5 p1 3732 5
16 149512 m1 81694 0 0.5 p1 3734 23
37 149690 m1 171303 0 0.5 p1 3738 4
85 151624 m1 81849 0 0.5 p1 3786 2
159 152217 m1 177480 0 0.5 p1 3802 1
108 152271 m1 105956 0 0.5 p1 3803 5
210 153446 m1 155365 0 0.5 p1 3832 1
213 156756 m1 53630 0 0.5 p1 3913 2
170 157345 m1 179942 0 0.5 p1 3927 4
160 157445 m1 67194 0 0.5 p1 3930 1
24 157496 m1 90585 0 0.5 p1 3931 2
127 157758 m1 117226 0 0.5 p1 3938 3
197 157885 m1 59383 0 0.5 p1 3941 1
171 158744 m1 183370 0 0.5 p1 3963 4
39 159884 m1 5979 0 0.5 p1 3992 2
64 162128 m1 36464 0 0.5 p1 4048 5
67 162259 m1 43530 0 0.5 p1 4051 2
146 163862 m1 142562 0 0.5 p1 4093 1
141 164441 m1 2291 0 0.5 p1 4108 4
72 165661 m1 42804 0 0.5 p1 4138 5
166 166684 m1 5745 0 0.5 p1 4163 2
148 166906 m1 166376 0 0.5 p1 4170 2
135 168337 m1 53069 0 0.5 p1 4203 2
134 168962 m1 44053 0 0.5 p1 4219 2
207 169730 m1 116726 0 0.5 p1 4239 1
55 170568 m1 92702 0 0.5 p1 4260 1
83 171176 m1 18052 0 0.5 p1 4275 2
69 171593 m1 197843 0 0.5 p1 4286 1
188 172997 m1 41102 0 0.5 p1 4322 2
201 173616 m1 110861 0 0.5 p1 4340 1
47 174090 m1 155505 0 0.5 p1 4351 7
111 175107 m1 72182 0 0.5 p1 4376 1
66 176025 m1 30092 0 0.5 p1 4399 2
90 176604 m1 181414 0 0.5 p1 4413 2
187 176631 m1 172668 0 0.5 p1 4413 2
6 178225 m1 143982 0 0.5 p1 4452 4
178 178438 m1 22048 0 0.5 p1 4457 4
212 179891 m1 185135 0 0.5 p1 4494 1
116 180410 m1 29342 0 0.5 p1 4507 2
120 180717 m1 33156 0 0.5 p1 4515 2
190 180963 m1 166375 0 0.5 p1 4522 1
122 181294 m1 191956 0 0.5 p1 4530 2
76 182184 m1 150639 0 0.5 p1 4551 2
25 182751 m1 92342 0 0.5 p1 4565 2
58 182988 m1 7683 0 0.5 p1 4571 13
19 183809 m1 181716 0 0.5 p1 4592 7
174 184018 m1 8119 0 0.5 p1 4597 1
208 184637 m1 135602 0 0.5 p1 4612 1
12 185265 m1 17867 0 0.5 p1 4627 10
203 185273 m1 19666 0 0.5 p1 4627 1
63 186085 m1 23904 0 0.5 p1 4649 5
109 186751 m1 146881 0 0.5 p1 4666 1
152 187109 m1 97799 0 0.5 p1 4674 2
129 187614 m1 173014 0 0.5 p1 4688 6
155 188304 m1 122754 0 0.5 p1 4705 1
177 188880 m1 7358 0 0.5 p1 4719 1
89 189284 m1 160355 0 0.5 p1 4729 2
123 189517 m1 98320 0 0.5 p1 4734 1
153 191099 m1 95661 0 0.5 p1 4774 1
149 191859 m1 185970 0 0.5 p1 4792 2
145 192094 m1 130128 0 0.5 p1 4798 1
165 192307 m1 20332 0 0.5 p1 4803 1
133 192690 m1 27230 0 0.5 p1 4813 1
169 193449 m1 91896 0 0.5 p1 4832 2
59 193784 m1 112719 0 0.5 p1 4841 1
49 194433 m1 192543 0 0.5 p1 4857 4
8 195326 m1 13142 0 0.5 p1 4878 2
9 196059 m1 76313 0 0.5 p1 4896 2
82 196546 m1 86944 0 0.5 p1 4908 1
191 196849 m1 152509 0 0.5 p1 4916 1
91 196962 m1 168756 0 0.5 p1 4919 2
57 198087 m1 197448 0 0.5 p1 4948 1
164 198160 m1 149682 0 0.5 p1 4950 1
185 198622 m1 61832 0 0.5 p1 4961 1
62 199089 m1 197164 0 0.5 p1 4973 4
137 199231 m1 76315 0 0.5 p1 4977 1
179 200125 m1 36715 0 0.5 p1 4999 1
10 200190 m2 100000 0 0.5 p1 5000 31
88 200257 m1 104292 0 0.5 p1 5002 1
74 200509 m1 118865 0 0.5 p1 5008 3
115 200942 m1 129811 0 0.5 p1 5019 1
184 201210 m1 120008 0 0.5 p1 5026 1
125 201272 m1 43972 0 0.5 p1 5027 1
180 201566 m1 58482 0 0.5 p1 5035 1
131 201606 m1 119193 0 0.5 p1 5036 1
189 201733 m1 136171 0 0.5 p1 5039 1
186 201805 m1 86717 0 0.5 p1 5041 1
205 201829 m1 76554 0 0.5 p1 5042 1
206 202019 m1 48814 0 0.5 p1 5046 1
41 202293 m1 59023 0 0.5 p1 5053 1
118 202583 m1 66691 0 0.5 p1 5061 1
117 202658 m1 41846 0 0.5 p1 5063 1
175 202867 m1 36840 0 0.5 p1 5068 1
130 203270 m1 12185 0 0.5 p1 5078 1
140 203289 m1 190257 0 0.5 p1 5078 1
202 203413 m1 49435 0 0.5 p1 5082 1
68 203580 m1 125966 0 0.5 p1 5086 1
176 203586 m1 7452 0 0.5 p1 5086 1
172 203596 m1 196852 0 0.5 p1 5086 2
192 203767 m1 11753 0 0.5 p1 5090 1
65 203835 m1 163660 0 0.5 p1 5092 1
92 204391 m1 137167 0 0.5 p1 5105 1
56 204844 m1 96132 0 0.5 p1 5116 1
183 204909 m1 17302 0 0.5 p1 5117 1
93 204969 m1 115520 0 0.5 p1 5119 1
Genomes:
p1:0 A 0 1 2 3 4 5 6 7
p1:1 A 0 1 8 2 3 9 4 5 10 11
p1:2 A 0 1 2 3 4 5 6 7
p1:3 A 12 13 14 15 16 10 17 18 19
p1:4 A 20 13 21 22 23 24 25 10 26 27 28
p1:5 A 2 29 30 31 32 33 34 35 36 37 38
p1:6 A 39 40 41 42 43 44 45 46 47 48 49
p1:7 A 50 51 52 53 54 4 55 56 5 17 18 57
p1:8 A 58 13 14 42 43 17 7
p1:9 A 12 13 14 15 16 59 17 18 19
p1:10 A 58 13 14 15 16 10 17 60 61 62
p1:11 A 58 13 14 15 16 10 17 60 61 62
p1:12 A 12 13 14 15 16 17 7
p1:13 A 63 64 42 43 10 7 65
p1:14 A 13 66 14 67 15 16 68 17 60 61 69
p1:15 A 20 13 21 22 23 24 25 26 27 28
p1:16 A 50 51 52 70 71 72 54 73 4 5 10 74 75 44 76 77 78
p1:17 A 79 80 81 82 31 32 33 34 35 36 37 38
p1:18 A 12 21 22 15 16 17 7
p1:19 A 0 1 83 52 53 84 85 86 87 88 7 89 18 90
p1:20 A 58 13 14 15 16 10 17 60 91 61
p1:21 A 12 13 14 15 16 10 92 17 18 19
p1:22 A 50 51 52 70 71 72 54 73 4 5 10 93 74 75 44 17 18
p1:23 A 94 95 96 97 26 27
p1:24 A 13 98 99 100 101 102 103 104 105 106 107
p1:25 A 2 3 4 43 108 109 34 110 107
p1:26 A 50 51 52 111 112 43 113 44 114 115 31 104 11
p1:27 A 2 116 29 30 117 118 119 10 108 11
p1:28 A 50 51 52 120 53 97 121 86 87 34 110 122 107
p1:29 A 2 29 30 42 43 123 124 11
p1:30 A 58 13 14 15 16 17 60 61
p1:31 A 0 1 13 70 71 125 54 4 126 127 128 45 129
p1:32 A 13 14 15 16 17 18
p1:33 A 52 53 97 121 86 87 10 34 110 107
p1:34 A 58 130 13 14 15 16 131 17 129
p1:35 A 63 64 42 43 10 7
p1:36 A 0 1 13 70 71 54 4 10 126 127 128 45 129
p1:37 A 132 133 134 135 136 137 138 43 108 139 104 7 129 140
p1:38 A 141 94 95 96 97 126 45 46 47 48
p1:39 A 0 1 2 3 4 5 128 45 46 48
p1:40 A 50 51 52 15 142 143 10 144 145 146 147
p1:41 A 141 94 95 96 97 10 6 7 148 38 149
p1:42 A 40 42 126 128 45 46 48
p1:43 A 13 66 14 67 15 16 150 44 151
p1:44 A 2 29 30 152 124 11
p1:45 A 50 51 52 53 153 101 102 154 155 7
p1:46 A 58 13 14 15 16 10 17 60 61 62
p1:47 A 63 64 42 43 7
p1:48 A 58 13 14 42 43 44 45 46 47 48 49
p1:49 A 63 64 42 43 7
p1:50 A 94 95 96 97 121 156 157 158 159
p1:51 A 94 95 96 97 160 161 86 10 162 163 124
p1:52 A 58 13 14 15 16 17 164 60 61
p1:53 A 2 29 30 152 31 32 33 34 35 36 37 38
p1:54 A 141 94 95 165 96 97 126 45 46 47 48
p1:55 A 12 13 14 15 16 17 18 19
p1:56 A 50 166 167 168 142 169 44 7 28 170 38 171 11 172
p1:57 A 0 1 8 2 3 9 4 5 10 11
p1:58 A 0 1 13 70 71 54 4 126 127 128 45 129
p1:59 A 0 1 83 52 53 84 85 86 87 7 89 18 90
p1:60 A 50 51 52 70 71 72 54 73 4 5 10 75 44 170 38 171 173
p1:61 A 132 174 175 134 135 136 138 43 108 34 110 107
p1:62 A 50 51 176 52 42 43
p1:63 A 50 51 177 52 178 179 15 142 143 144 114
p1:64 A 50 51 52 70 71 72 54 73 4 5 10 74 75 44 76 77 78
p1:65 A 40 42 43 44 151 148 38 149
p1:66 A 50 51 52 178 180 86 119 181 182 11
p1:67 A 58 13 14 15 16 10 17 60 91 61
p1:68 A 40 42 43 44 45 105 106
p1:69 A 183 52 120 53 97 121 86 87 184 34 110 122 107
p1:70 A 94 95 96 97 121 86 87 10 34 36 37 38
p1:71 A 58 13 14 15 16 17 60 61
p1:72 A 50 51 52 178 15 185 142 186 143 144 114 187 18
p1:73 A 21 188 22 97 126 128 45 189 46 190 48
p1:74 A 58 13 14 15 16 10 17 60 61 62
p1:75 A 2 29 30 10 31 32 33 34 191 35 11
p1:76 A 0 1 192 2 3 4 5 128 45 46 48
p1:77 A 50 166 167 168 142 169 44 7 28 170 38 171 11 172
p1:78 A 50 51 52 53 97 121 86 87 34 110
p1:79 A 193 194 195 13 14 196 15 197 198 199 200 201 104 7 48
p1:80 A 12 13 14 202 15 16 17 18 19
p1:81 A 58 13 14 42 43 44 45 46 47 48 49
p1:82 A 50 51 52 53 101 102 154 7
p1:83 A 141 94 95 96 97 10 126 45 46 47 48
p1:84 A 50 51 203 52 204 103 104 105 129
p1:85 A 2 116 29 30 119 10 108 11
p1:86 A 13 14 15 16 17 18
p1:87 A 50 51 52 178 15 142 205 143 144 114 187 18
p1:88 A 12 13 14 15 16 17 18 19
p1:89 A 63 64 42 43 10 7
p1:90 A 50 51 52 206 42 43
p1:91 A 0 1 2 3 4 5 6 7
p1:92 A 12 13 14 15 16 17 18 19
p1:93 A 12 13 14 15 10 207 208 209 210 211 38 212
p1:94 A 21 188 22 23 213 10 126 128 45 46 48
p1:95 A 39 40 42 43 10 44 45 46 47 48 49
p1:96 A 21 22 23 213 26 27 170 38 171 173
p1:97 A 167 214 215 7
p1:98 A 52 70 71 72 54 73 4 5 75 44 77 216
p1:99 A 50 51 52 53 97 121 86 87 34 110
