#OUT: 5130 5130 SS p1 100 ./slim_s2/t_130.txt
Mutations:
17 4796 m1 2036 0 0.5 p1 118 25
195 12709 m1 126533 0 0.5 p1 315 1
40 13210 m1 35404 0 0.5 p1 327 4
33 14202 m1 54569 0 0.5 p1 352 20
50 16083 m1 38434 0 0.5 p1 399 6
132 18967 m1 138066 0 0.5 p1 472 2
31 19984 m1 22550 0 0.5 p1 499 21
143 20499 m1 48576 0 0.5 p1 511 1
131 20621 m1 131721 0 0.5 p1 513 2
41 21156 m1 40080 0 0.5 p1 528 4
98 24668 m1 132659 0 0.5 p1 615 5
7 25785 m1 88227 0 0.5 p1 642 28
5 28519 m1 64645 0 0.5 p1 711 3
19 29722 m1 21686 0 0.5 p1 742 4
9 32071 m1 148794 0 0.5 p1 802 15
62 32270 m1 97629 0 0.5 p1 806 8
58 33041 m1 3857 0 0.5 p1 825 23
97 33812 m1 122316 0 0.5 p1 845 2
203 33856 m1 57363 0 0.5 p1 846 1
67 35642 m1 91676 0 0.5 p1 892 13
47 37295 m1 128818 0 0.5 p1 936 12
163 37732 m1 188581 0 0.5 p1 949 1
71 38866 m1 115439 0 0.5 p1 977 3
20 40157 m1 56680 0 0.5 p1 1010 5
53 41679 m1 46998 0 0.5 p1 1049 2
194 42987 m1 125844 0 0.5 p1 1082 1
23 43912 m1 120683 0 0.5 p1 1106 12
87 44342 m1 14059 0 0.5 p1 1116 10
108 44706 m1 91113 0 0.5 p1 1125 4
52 45766 m1 41668 0 0.5 p1 1151 6
43 46911 m1 65077 0 0.5 p1 1180 5
32 47233 m1 31604 0 0.5 p1 1189 17
178 52056 m1 50760 0 0.5 p1 1308 2
56 52709 m1 154329 0 0.5 p1 1324 15
39 53721 m1 3637 0 0.5 p1 1349 10
38 53892 m1 3565 0 0.5 p1 1353 10
114 55199 m1 41719 0 0.5 p1 1385 5
174 60307 m1 159602 0 0.5 p1 1511 2
69 65066 m1 99736 0 0.5 p1 1629 3
181 68517 m1 90623 0 0.5 p1 1715 2
26 70249 m1 182268 0 0.5 p1 1759 13
15 70409 m1 153700 0 0.5 p1 1763 22
44 74203 m1 78886 0 0.5 p1 1857 11
21 76593 m1 74697 0 0.5 p1 1917 9
113 77232 m1 32060 0 0.5 p1 1933 5
109 77454 m1 101264 0 0.5 p1 1938 4
45 77615 m1 116118 0 0.5 p1 1943 14
202 79040 m1 47489 0 0.5 p1 1977 1
100 80863 m1 166214 0 0.5 p1 2021 2
182 83680 m1 91403 0 0.5 p1 2093 2
180 87202 m1 81427 0 0.5 p1 2182 2
70 88859 m1 100168 0 0.5 p1 2223 3
101 89798 m1 27363 0 0.5 p1 2245 11
175 91341 m1 3772 0 0.5 p1 2284 2
59 91525 m1 21886 0 0.5 p1 2288 24
120 92695 m1 167348 0 0.5 p1 2318 2
6 96320 m1 82747 0 0.5 p1 2406 4
206 96749 m1 180909 0 0.5 p1 2417 1
197 99032 m1 189196 0 0.5 p1 2474 1
10 100326 m1 160674 0 0.5 p1 2508 11
57 101113 m1 173121 0 0.5 p1 2528 15
99 102697 m1 145083 0 0.5 p1 2567 2
154 102745 m1 131385 0 0.5 p1 2568 2
48 102959 m1 133288 0 0.5 p1 2573 19
133 104299 m1 145032 0 0.5 p1 2606 1
88 107172 m1 35454 0 0.5 p1 2678 11
79 107448 m1 20734 0 0.5 p1 2685 10
36 108162 m1 159229 0 0.5 p1 2704 2
28 109134 m1 189518 0 0.5 p1 2729 5
177 109916 m1 19704 0 0.5 p1 2748 2
86 110030 m1 13790 0 0.5 p1 2751 10
11 110581 m1 194575 0 0.5 p1 2765 7
102 112470 m1 39099 0 0.5 p1 2813 6
171 115549 m1 129372 0 0.5 p1 2888 1
188 117591 m1 76875 0 0.5 p1 2940 1
96 117607 m1 54987 0 0.5 p1 2940 5
204 120706 m1 59777 0 0.5 p1 3020 1
35 120762 m1 142967 0 0.5 p1 3021 16
24 122679 m1 171194 0 0.5 p1 3070 1
0 122979 m1 123 0 0.5 p1 3078 4
153 123604 m1 120507 0 0.5 p1 3092 2
66 124113 m1 65052 0 0.5 p1 3105 9
60 124398 m1 37740 0 0.5 p1 3112 13
72 126466 m1 159846 0 0.5 p1 3161 5
152 131560 m1 103160 0 0.5 p1 3286 2
68 132176 m1 98241 0 0.5 p1 3301 11
65 132951 m1 54797 0 0.5 p1 3320 19
161 133648 m1 120023 0 0.5 p1 3337 2
115 133826 m1 95912 0 0.5 p1 3341 1
14 133885 m1 75510 0 0.5 p1 3343 26
130 134393 m1 162477 0 0.5 p1 3356 4
141 137313 m1 47175 0 0.5 p1 3426 1
135 139669 m1 153968 0 0.5 p1 3484 1
162 140139 m1 164734 0 0.5 p1 3496 1
139 140952 m1 166763 0 0.5 p1 3517 2
111 142571 m1 144417 0 0.5 p1 3558 3
185 143527 m1 72426 0 0.5 p1 3582 1
127 143721 m1 5482 0 0.5 p1 3586 1
37 145827 m1 182625 0 0.5 p1 3639 2
63 146192 m1 181352 0 0.5 p1 3648 16
151 146295 m1 72069 0 0.5 p1 3651 2
142 149076 m1 29451 0 0.5 p1 3722 2
176 149281 m1 8322 0 0.5 p1 3727 2
160 149429 m1 71837 0 0.5 p1 3732 2
34 149512 m1 81694 0 0.5 p1 3734 15
140 149690 m1 171303 0 0.5 p1 3738 2
189 151624 m1 81849 0 0.5 p1 3786 1
201 152217 m1 177480 0 0.5 p1 3802 2
8 152271 m1 105956 0 0.5 p1 3803 6
136 153270 m1 105039 0 0.5 p1 3828 3
137 153708 m1 170511 0 0.5 p1 3839 2
138 156155 m1 187331 0 0.5 p1 3898 2
54 156756 m1 53630 0 0.5 p1 3913 2
25 157345 m1 179942 0 0.5 p1 3927 2
149 157445 m1 67194 0 0.5 p1 3930 2
46 157758 m1 117226 0 0.5 p1 3938 4
179 157885 m1 59383 0 0.5 p1 3941 2
27 158744 m1 183370 0 0.5 p1 3963 2
78 159884 m1 5979 0 0.5 p1 3992 2
13 162128 m1 36464 0 0.5 p1 4048 10
110 163862 m1 142562 0 0.5 p1 4093 3
85 164441 m1 2291 0 0.5 p1 4108 6
128 165628 m1 7465 0 0.5 p1 4137 1
159 165661 m1 42804 0 0.5 p1 4138 1
18 166684 m1 5745 0 0.5 p1 4163 2
73 166906 m1 166376 0 0.5 p1 4170 5
4 168337 m1 53069 0 0.5 p1 4203 3
3 168962 m1 44053 0 0.5 p1 4219 3
61 170568 m1 92702 0 0.5 p1 4260 1
186 171176 m1 18052 0 0.5 p1 4275 1
51 172997 m1 41102 0 0.5 p1 4322 5
183 173616 m1 110861 0 0.5 p1 4340 2
80 174090 m1 155505 0 0.5 p1 4351 7
118 174178 m1 139293 0 0.5 p1 4353 2
184 175107 m1 72182 0 0.5 p1 4376 1
192 176604 m1 181414 0 0.5 p1 4413 1
172 176631 m1 172668 0 0.5 p1 4413 1
83 177679 m1 145904 0 0.5 p1 4439 1
158 178225 m1 143982 0 0.5 p1 4452 2
155 178438 m1 22048 0 0.5 p1 4457 2
112 180410 m1 29342 0 0.5 p1 4507 1
123 180717 m1 33156 0 0.5 p1 4515 2
122 180963 m1 166375 0 0.5 p1 4522 3
124 181294 m1 191956 0 0.5 p1 4530 2
129 181897 m1 91579 0 0.5 p1 4544 1
30 182988 m1 7683 0 0.5 p1 4571 3
77 183809 m1 181716 0 0.5 p1 4592 10
1 184018 m1 8119 0 0.5 p1 4597 3
198 184720 m1 135069 0 0.5 p1 4614 1
75 185265 m1 17867 0 0.5 p1 4627 9
117 185896 m1 135325 0 0.5 p1 4644 2
12 186085 m1 23904 0 0.5 p1 4649 7
199 186595 m1 169143 0 0.5 p1 4662 1
49 187614 m1 173014 0 0.5 p1 4688 8
191 189284 m1 160355 0 0.5 p1 4729 1
119 189456 m1 145785 0 0.5 p1 4733 2
116 189517 m1 98320 0 0.5 p1 4734 2
146 190231 m1 182280 0 0.5 p1 4752 1
82 191251 m1 42450 0 0.5 p1 4777 1
92 191588 m1 61216 0 0.5 p1 4786 1
74 191859 m1 185970 0 0.5 p1 4792 5
157 192094 m1 130128 0 0.5 p1 4798 1
104 192307 m1 20332 0 0.5 p1 4803 3
200 192555 m1 65221 0 0.5 p1 4809 1
150 193201 m1 70141 0 0.5 p1 4826 2
22 193449 m1 91896 0 0.5 p1 4832 1
107 193784 m1 112719 0 0.5 p1 4841 2
93 193891 m1 120171 0 0.5 p1 4844 1
147 194397 m1 4487 0 0.5 p1 4856 2
81 194433 m1 192543 0 0.5 p1 4857 3
145 194509 m1 126325 0 0.5 p1 4859 1
94 194588 m1 135778 0 0.5 p1 4860 1
205 195197 m1 160865 0 0.5 p1 4874 1
166 195326 m1 13142 0 0.5 p1 4878 1
167 196059 m1 76313 0 0.5 p1 4896 1
95 196325 m1 46254 0 0.5 p1 4902 2
134 196849 m1 152509 0 0.5 p1 4916 1
165 196919 m1 85905 0 0.5 p1 4918 2
156 197058 m1 139305 0 0.5 p1 4921 1
173 197526 m1 131066 0 0.5 p1 4933 1
125 198014 m1 78456 0 0.5 p1 4946 2
64 198087 m1 197448 0 0.5 p1 4948 1
169 198622 m1 61832 0 0.5 p1 4961 1
196 199322 m1 171558 0 0.5 p1 4979 1
55 199827 m1 59883 0 0.5 p1 4991 1
193 200161 m1 193907 0 0.5 p1 5000 1
16 200190 m2 100000 0 0.5 p1 5000 26
190 200257 m1 104292 0 0.5 p1 5002 1
42 201272 m1 43972 0 0.5 p1 5027 2
164 201317 m1 129824 0 0.5 p1 5028 1
105 201421 m1 30267 0 0.5 p1 5031 1
121 201733 m1 136171 0 0.5 p1 5039 3
170 201805 m1 86717 0 0.5 p1 5041 1
168 201993 m1 47847 0 0.5 p1 5046 1
90 202378 m1 87155 0 0.5 p1 5055 1
2 202867 m1 36840 0 0.5 p1 5068 3
126 203181 m1 130152 0 0.5 p1 5076 1
91 203309 m1 12693 0 0.5 p1 5079 1
106 203340 m1 90502 0 0.5 p1 5080 1
29 203596 m1 196852 0 0.5 p1 5086 1
103 203751 m1 158006 0 0.5 p1 5090 1
84 203801 m1 146811 0 0.5 p1 5091 1
148 203950 m1 147644 0 0.5 p1 5095 2
89 204307 m1 18353 0 0.5 p1 5103 1
76 204824 m1 69362 0 0.5 p1 5115 1
187 204999 m1 35668 0 0.5 p1 5120 1
144 205128 m1 159172 0 0.5 p1 5123 1
Genomes:
p1:0 A 0 1 2 3 4 5 6 7 8 9 10 11
p1:1 A 12 13 14 7 15
p1:2 A 12 13 14 7 16 15
p1:3 A 17 18 19 20 21 22 23 15 24 25 26 27 28 29
p1:4 A 30 31 32 33 34 35 36 37
p1:5 A 38 39 31 40 41 42 43 44 45 46 47 48 49
p1:6 A 50 51 52 53 54 55 45 47 48 56 57
p1:7 A 0 1 2 3 4 5 6 7 8 9 10 11
p1:8 A 30 31 32 33 34 35 36 37
p1:9 A 17 58 59 60 43 44 61 62 35 63 64
p1:10 A 17 58 59 60 65 66 67 68 9 10
p1:11 A 17 58 59 60 69 70 71 72 73 26 74
p1:12 A 75 31 32 33 76 34 35 63 77
p1:13 A 78 79 14 7 16 23 48 56 80 57 81
p1:14 A 17 58 59 60 82 69 16 70 71 83 84 15
p1:15 A 78 79 14 7 16 23 48 56 80 57 81
p1:16 A 85 86 87 88 65 16 45 48 56 80 57
p1:17 A 89 12 13 14 90 7
p1:18 A 0 91 88 65 92 66 67 68 93 94 15 63
p1:19 A 79 95 96 16 97 98 99 100
p1:20 A 38 39 101 102 65 16 45 48 56 80 103 57
p1:21 A 85 86 87 104 88 65 45 48 56 80 57
p1:22 A 79 105 14 106 45 47 48 56 57
p1:23 A 75 31 32 33 34 107 35 63 77
p1:24 A 17 58 59 33 21 108 109 110 111
p1:25 A 75 50 52 33 34 35 15
p1:26 A 101 112 113 114 115 16 8 28
p1:27 A 101 113 114 14 7 116 23 117 118 119 120
p1:28 A 50 51 52 65 45 47 48 121 56 122 57
p1:29 A 17 58 59 123 60 65 66 67 68 9 10 124 11
p1:30 A 38 39 101 102 125 44 62 47 126 48 56 57
p1:31 A 127 128 31 60 20 21 129 130 26
p1:32 A 101 113 114 16 131 132 133 9 134 135 28
p1:33 A 79 14 7 23 72 73 26 74
p1:34 A 13 14 136 130 137 26 138
p1:35 A 12 13 14 7 16 15
p1:36 A 101 113 114 14 7 16 15 63 77
p1:37 A 12 13 14 7 15
p1:38 A 86 87 88 65 66 67 68 16 9 139 140 26
p1:39 A 31 32 141 34 16 35 63 77
p1:40 A 19 142 143 98 15 144 49
p1:41 A 31 32 20 21 145 130 26 146
p1:42 A 17 58 147 59 96 14 7 148 15
p1:43 A 86 87 88 65 149 150 151 67 152 153 154
p1:44 A 12 13 14 7 15
p1:45 A 75 31 32 33 34 16 35 63 77
p1:46 A 50 51 52 65 45 47 48 121 56 122 57
p1:47 A 38 39 31 40 41 43 44 45 46 47 48 49
p1:48 A 50 51 52 53 54 16 45 47 48 56 57
p1:49 A 75 31 32 33 34 16 35 63 77
p1:50 A 17 58 59 123 60 65 66 67 68 9 10 124 11
p1:51 A 17 58 59 155 67 68 156 9 10 11
p1:52 A 86 87 88 65 66 67 68 16 9 139 140 26
p1:53 A 17 58 59 33 21 108 109 157 110 111
p1:54 A 38 39 101 102 44 62 158 15
p1:55 A 59 40 41 159 43 160 44 62 161 23 162 163
p1:56 A 101 113 114 14 7 116 23 117 118 119 120
p1:57 A 38 39 31 40 41 42 43 44 45 46 47 48 49
p1:58 A 85 86 87 104 88 65 16 45 46 47 48 49
p1:59 A 12 13 14 7 16 15
p1:60 A 38 39 101 102 125 44 62 47 48 56 57
p1:61 A 75 31 32 33 34 16 35 63 77
p1:62 A 13 14 136 130 137 26 138
p1:63 A 75 31 32 33 34 16 35 63 77
p1:64 A 31 32 33 34 164 35 63
p1:65 A 85 86 87 88 65 66 165 67 68 9 10
p1:66 A 38 39 166 101 102 167 44 62 16 28
p1:67 A 17 58 59 168 14 7
p1:68 A 17 58 31 32 33 34 35 63
p1:69 A 17 58 59 60 69 70 71 15
p1:70 A 38 39 101 102 44 62 158 15
p1:71 A 17 58 59 155 33 169 21 170 108 109 171 172 63
p1:72 A 85 86 87 88 65 66 165 67 68 9 10
p1:73 A 17 58 59 60 6 7 8 9 10 11
p1:74 A 13 14 7 173 131 132 9 174
p1:75 A 17 58 59 60 14 7 15
p1:76 A 0 1 2 3 4 5 6 7 8 9 10 11
p1:77 A 79 14 7 23 48 56 80 57 81
p1:78 A 175 176 177 31 32 178 33 179 180 181 182 183 98 15 49
p1:79 A 79 14 7 23 72 73 26 74
p1:80 A 175 176 177 31 32 178 33 179 180 181 182 183 98 15 49
p1:81 A 85 86 87 104 88 65 45 48 56 80 57
p1:82 A 79 14 7 23 72 73 26 74
p1:83 A 17 58 59 60 65 66 67 68 16 9 10
p1:84 A 75 31 32 33 34 35 63 77
p1:85 A 17 58 59 184 185 7 15
p1:86 A 38 39 186 59 187 60 188 189 67 68 190 15 191 63 192
p1:87 A 75 31 32 33 34 107 35 63 77 193
p1:88 A 17 58 59 96 194 195 196 25 26 27 197
p1:89 A 17 58 147 59 96 14 7 148 15
p1:90 A 79 14 7 23 72 73 26 74
p1:91 A 50 51 52 65 45 47 48 121 56 122 57
p1:92 A 17 58 59 14 7
p1:93 A 79 95 96 16 97 98 99 100
p1:94 A 17 18 19 20 21 16 8 198 199 28
p1:95 A 17 58 59 33 21 108 109 110 111
p1:96 A 30 31 32 33 34 35 49
p1:97 A 19 142 20 200 21 16 136 201
p1:98 A 17 58 59 60 202 203 204 160 44 62 161 23 174 205 206
p1:99 A 86 87 88 65 149 150 151 67 152 153 154 201
