#OUT: 5140 5140 SS p1 100 ./slim_s2/t_140.txt
Mutations:
39 4796 m1 2036 0 0.5 p1 118 30
81 12709 m1 126533 0 0.5 p1 315 5
109 13210 m1 35404 0 0.5 p1 327 5
27 14202 m1 54569 0 0.5 p1 352 17
0 16083 m1 38434 0 0.5 p1 399 5
15 18967 m1 138066 0 0.5 p1 472 4
25 19984 m1 22550 0 0.5 p1 499 24
34 20499 m1 48576 0 0.5 p1 511 3
14 20621 m1 131721 0 0.5 p1 513 8
110 21156 m1 40080 0 0.5 p1 528 5
48 24668 m1 132659 0 0.5 p1 615 7
44 25785 m1 88227 0 0.5 p1 642 19
73 28519 m1 64645 0 0.5 p1 711 2
32 29722 m1 21686 0 0.5 p1 742 5
17 32071 m1 148794 0 0.5 p1 802 17
102 32270 m1 97629 0 0.5 p1 806 11
40 33041 m1 3857 0 0.5 p1 825 29
133 33812 m1 122316 0 0.5 p1 845 3
86 33856 m1 57363 0 0.5 p1 846 1
56 35642 m1 91676 0 0.5 p1 892 15
7 37295 m1 128818 0 0.5 p1 936 7
130 37732 m1 188581 0 0.5 p1 949 2
92 38866 m1 115439 0 0.5 p1 977 6
119 40157 m1 56680 0 0.5 p1 1010 3
3 41679 m1 46998 0 0.5 p1 1049 5
80 42987 m1 125844 0 0.5 p1 1082 5
46 43912 m1 120683 0 0.5 p1 1106 18
52 44342 m1 14059 0 0.5 p1 1116 8
179 44706 m1 91113 0 0.5 p1 1125 1
2 45766 m1 41668 0 0.5 p1 1151 5
112 46911 m1 65077 0 0.5 p1 1180 7
26 47233 m1 31604 0 0.5 p1 1189 18
9 52709 m1 154329 0 0.5 p1 1324 12
98 53721 m1 3637 0 0.5 p1 1349 11
97 53892 m1 3565 0 0.5 p1 1353 11
13 55199 m1 41719 0 0.5 p1 1385 12
90 65066 m1 99736 0 0.5 p1 1629 6
60 70249 m1 182268 0 0.5 p1 1759 10
35 70409 m1 153700 0 0.5 p1 1763 21
101 74203 m1 78886 0 0.5 p1 1857 12
120 76593 m1 74697 0 0.5 p1 1917 4
12 77232 m1 32060 0 0.5 p1 1933 12
164 77358 m1 126797 0 0.5 p1 1936 1
180 77454 m1 101264 0 0.5 p1 1938 1
6 77615 m1 116118 0 0.5 p1 1943 9
85 79040 m1 47489 0 0.5 p1 1977 1
166 81993 m1 134315 0 0.5 p1 2050 1
91 88859 m1 100168 0 0.5 p1 2223 6
11 89798 m1 27363 0 0.5 p1 2245 18
129 90772 m1 153310 0 0.5 p1 2269 2
41 91525 m1 21886 0 0.5 p1 2288 33
67 92695 m1 167348 0 0.5 p1 2318 4
74 96320 m1 82747 0 0.5 p1 2406 2
172 99032 m1 189196 0 0.5 p1 2474 2
75 100326 m1 160674 0 0.5 p1 2508 11
10 101113 m1 173121 0 0.5 p1 2528 12
134 102697 m1 145083 0 0.5 p1 2567 3
151 102745 m1 131385 0 0.5 p1 2568 2
8 102959 m1 133288 0 0.5 p1 2573 14
16 104299 m1 145032 0 0.5 p1 2606 4
53 107172 m1 35454 0 0.5 p1 2678 8
139 107448 m1 20734 0 0.5 p1 2685 2
37 108162 m1 159229 0 0.5 p1 2704 3
20 109134 m1 189518 0 0.5 p1 2729 13
51 110030 m1 13790 0 0.5 p1 2751 8
128 110377 m1 152618 0 0.5 p1 2760 2
76 110581 m1 194575 0 0.5 p1 2765 5
99 112470 m1 39099 0 0.5 p1 2813 6
149 113419 m1 98308 0 0.5 p1 2837 1
47 115549 m1 129372 0 0.5 p1 2888 4
147 117591 m1 76875 0 0.5 p1 2940 3
132 117607 m1 54987 0 0.5 p1 2940 4
87 120706 m1 59777 0 0.5 p1 3020 1
29 120762 m1 142967 0 0.5 p1 3021 12
95 122679 m1 171194 0 0.5 p1 3070 2
68 122979 m1 123 0 0.5 p1 3078 1
55 124113 m1 65052 0 0.5 p1 3105 10
88 124398 m1 37740 0 0.5 p1 3112 18
115 126466 m1 159846 0 0.5 p1 3161 3
45 130174 m1 118484 0 0.5 p1 3251 4
123 130399 m1 178913 0 0.5 p1 3257 3
57 132176 m1 98241 0 0.5 p1 3301 13
54 132951 m1 54797 0 0.5 p1 3320 15
121 133648 m1 120023 0 0.5 p1 3337 4
22 133826 m1 95912 0 0.5 p1 3341 5
62 133885 m1 75510 0 0.5 p1 3343 15
193 134393 m1 162477 0 0.5 p1 3356 1
201 138076 m1 116767 0 0.5 p1 3445 1
165 138129 m1 133580 0 0.5 p1 3446 1
150 139453 m1 113387 0 0.5 p1 3479 1
19 139669 m1 153968 0 0.5 p1 3484 4
122 140139 m1 164734 0 0.5 p1 3496 3
58 140952 m1 166763 0 0.5 p1 3517 3
202 141300 m1 147182 0 0.5 p1 3526 1
182 142571 m1 144417 0 0.5 p1 3558 1
43 143527 m1 72426 0 0.5 p1 3582 4
77 143721 m1 5482 0 0.5 p1 3586 3
38 145827 m1 182625 0 0.5 p1 3639 3
30 146192 m1 181352 0 0.5 p1 3648 8
33 149076 m1 29451 0 0.5 p1 3722 4
144 149429 m1 71837 0 0.5 p1 3732 2
28 149512 m1 81694 0 0.5 p1 3734 15
59 149690 m1 171303 0 0.5 p1 3738 3
148 151624 m1 81849 0 0.5 p1 3786 3
167 152217 m1 177480 0 0.5 p1 3802 2
23 152271 m1 105956 0 0.5 p1 3803 6
168 153270 m1 105039 0 0.5 p1 3828 3
4 156756 m1 53630 0 0.5 p1 3913 2
170 157345 m1 179942 0 0.5 p1 3927 2
78 157496 m1 90585 0 0.5 p1 3931 2
113 157758 m1 117226 0 0.5 p1 3938 3
171 158744 m1 183370 0 0.5 p1 3963 2
141 162128 m1 36464 0 0.5 p1 4048 5
181 163862 m1 142562 0 0.5 p1 4093 1
83 164441 m1 2291 0 0.5 p1 4108 2
191 165628 m1 7465 0 0.5 p1 4137 1
143 165661 m1 42804 0 0.5 p1 4138 2
118 166684 m1 5745 0 0.5 p1 4163 1
104 166906 m1 166376 0 0.5 p1 4170 4
72 168337 m1 53069 0 0.5 p1 4203 2
71 168962 m1 44053 0 0.5 p1 4219 2
125 170568 m1 92702 0 0.5 p1 4260 2
174 171176 m1 18052 0 0.5 p1 4275 2
127 171815 m1 150931 0 0.5 p1 4291 2
1 172997 m1 41102 0 0.5 p1 4322 2
84 174090 m1 155505 0 0.5 p1 4351 7
65 174178 m1 139293 0 0.5 p1 4353 4
42 175107 m1 72182 0 0.5 p1 4376 4
124 175911 m1 198950 0 0.5 p1 4397 2
176 176604 m1 181414 0 0.5 p1 4413 2
93 177679 m1 145904 0 0.5 p1 4439 1
103 178225 m1 143982 0 0.5 p1 4452 2
152 178258 m1 176064 0 0.5 p1 4453 1
137 178438 m1 22048 0 0.5 p1 4457 2
21 180410 m1 29342 0 0.5 p1 4507 4
184 180717 m1 33156 0 0.5 p1 4515 2
186 181294 m1 191956 0 0.5 p1 4530 2
192 181897 m1 91579 0 0.5 p1 4544 1
146 182184 m1 150639 0 0.5 p1 4551 1
79 182751 m1 92342 0 0.5 p1 4565 2
36 182988 m1 7683 0 0.5 p1 4571 6
31 183809 m1 181716 0 0.5 p1 4592 4
69 184018 m1 8119 0 0.5 p1 4597 1
126 184527 m1 126416 0 0.5 p1 4608 2
24 185265 m1 17867 0 0.5 p1 4627 10
131 185273 m1 19666 0 0.5 p1 4627 3
117 185771 m1 193740 0 0.5 p1 4641 2
64 185896 m1 135325 0 0.5 p1 4644 4
96 185903 m1 41110 0 0.5 p1 4644 3
140 186085 m1 23904 0 0.5 p1 4649 3
194 187109 m1 97799 0 0.5 p1 4674 1
114 187614 m1 173014 0 0.5 p1 4688 6
196 188304 m1 122754 0 0.5 p1 4705 1
175 189284 m1 160355 0 0.5 p1 4729 2
66 189456 m1 145785 0 0.5 p1 4733 4
63 189517 m1 98320 0 0.5 p1 4734 4
195 191099 m1 95661 0 0.5 p1 4774 1
89 191251 m1 42450 0 0.5 p1 4777 1
105 191859 m1 185970 0 0.5 p1 4792 4
138 192307 m1 20332 0 0.5 p1 4803 1
183 192555 m1 65221 0 0.5 p1 4809 1
162 193784 m1 112719 0 0.5 p1 4841 1
157 194433 m1 192543 0 0.5 p1 4857 4
135 195447 m1 41378 0 0.5 p1 4881 1
18 196849 m1 152509 0 0.5 p1 4916 3
156 196919 m1 85905 0 0.5 p1 4918 1
199 196927 m1 192583 0 0.5 p1 4918 1
61 196962 m1 168756 0 0.5 p1 4919 1
108 198014 m1 78456 0 0.5 p1 4946 1
142 198160 m1 149682 0 0.5 p1 4950 1
160 198724 m1 19160 0 0.5 p1 4963 1
169 199322 m1 171558 0 0.5 p1 4979 1
136 199990 m1 45449 0 0.5 p1 4995 1
5 200190 m2 100000 0 0.5 p1 5000 22
187 200257 m1 104292 0 0.5 p1 5002 1
185 200486 m1 135141 0 0.5 p1 5008 1
145 200509 m1 118865 0 0.5 p1 5008 1
163 200852 m1 28287 0 0.5 p1 5017 1
173 200942 m1 129811 0 0.5 p1 5019 1
189 201210 m1 120008 0 0.5 p1 5026 1
111 201272 m1 43972 0 0.5 p1 5027 1
200 201566 m1 58482 0 0.5 p1 5035 1
100 201597 m1 45670 0 0.5 p1 5036 1
82 201993 m1 47847 0 0.5 p1 5046 1
155 202323 m1 81040 0 0.5 p1 5054 1
50 202583 m1 66691 0 0.5 p1 5061 3
49 202658 m1 41846 0 0.5 p1 5063 3
197 202678 m1 183520 0 0.5 p1 5063 1
198 202851 m1 23271 0 0.5 p1 5068 1
70 202867 m1 36840 0 0.5 p1 5068 1
116 203107 m1 180274 0 0.5 p1 5074 2
154 203190 m1 76096 0 0.5 p1 5076 1
106 203413 m1 49435 0 0.5 p1 5082 2
161 203424 m1 69477 0 0.5 p1 5082 1
107 203425 m1 185066 0 0.5 p1 5082 2
190 203586 m1 7452 0 0.5 p1 5086 1
158 203751 m1 158006 0 0.5 p1 5090 1
94 203801 m1 146811 0 0.5 p1 5091 1
177 203813 m1 67156 0 0.5 p1 5092 1
153 204069 m1 177880 0 0.5 p1 5098 1
159 204439 m1 15702 0 0.5 p1 5106 1
178 204773 m1 148600 0 0.5 p1 5114 1
188 204909 m1 17302 0 0.5 p1 5117 1
Genomes:
p1:0 A 0 1 2 3 4 5 6 7 8 9 10
p1:1 A 11 12 13 5 14 15 16 17 18 19 20
p1:2 A 0 1 2 3 4 5 6 7 8 9 10
p1:3 A 11 21 12 13 22 5 23 20
p1:4 A 24 25 26 27 28 29 30 31
p1:5 A 32 33 34 35
p1:6 A 36 25 26 27 28 29 37 38
p1:7 A 32 33 34 35
p1:8 A 39 40 41 42 43 44 45 46 47 14 48 20
p1:9 A 11 21 12 13 49 50 22 5 23 20
p1:10 A 51 52 53 54 55 56 57 5 17 58 59 60
p1:11 A 24 25 26 27 28 35
p1:12 A 36 25 26 27 28 5 29 37 61 38
p1:13 A 11 12 13 62 44 63 46 64 65 66 67
p1:14 A 68 69 70 71 72 73 74 44 23 17 75 76
p1:15 A 77 25 0 2 3 78 79 80 81
p1:16 A 39 40 41 82 56 57 17 75
p1:17 A 83 51 52 53 54 5 6 8 9 84 10
p1:18 A 85 86 87 14 15 16 17 19 58 59 60
p1:19 A 39 40 41 88 89 90 5 91 92 93 94 35
p1:20 A 77 25 0 2 3 78 79 5 80 81 95
p1:21 A 39 40 41 88 96 54 55 56 57 17 75
p1:22 A 39 40 41 88 90 91 92 35
p1:23 A 97 98 11 99 100 101 102 103 35 104 60 105
p1:24 A 24 25 26 106 27 28 29 30 31
p1:25 A 11 21 12 13 49 50 22 5 23 20
p1:26 A 11 12 13 14 15 16 17 18 19 107 20
p1:27 A 97 98 11 99 108 101 102 7 8 9 10
p1:28 A 11 12 13 14 15 16 17 18 19 107 20
p1:29 A 97 98 25 109 110 111 112 101 6 113 7 8 114
p1:30 A 39 40 41 88 90 91 92 115 104 60 105
p1:31 A 51 52 53 54 80 81 116
p1:32 A 39 40 41 88 90 91 92 35 30 117
p1:33 A 39 118 32 119 120 102 121 46 122 123 124
p1:34 A 39 40 41 88 112 101 125 102 126 127 128 129 130
p1:35 A 11 21 12 13 49 50 22 5 23 20
p1:36 A 39 40 131 41 132 133 48 134 114
p1:37 A 25 26 135 136 27 28 35
p1:38 A 39 40 41 137 27 56 57 17 75 76
p1:39 A 83 51 52 138 53 54 6 8 9 84 10
p1:40 A 139 62 44 46 115 104 60 105
p1:41 A 140 141 62 44 35
p1:42 A 97 98 11 99 101 102 5 35
p1:43 A 36 25 26 27 28 29 142 95
p1:44 A 39 40 41 109 110 143 112 144 101 102 5 145 121 46 146 122 123
p1:45 A 11 12 13 62 44 63 46 64 65 66 67
p1:46 A 41 88 147 148 56 149 150 151 152 153
p1:47 A 39 40 131 41 132 133 48 134 114
p1:48 A 39 40 41 88 96 54 55 154 155 156 56 57 17 75
p1:49 A 39 40 41 109 110 143 112 144 101 102 121 46 122 123 124
p1:50 A 139 62 44 46 115 104 60 105
p1:51 A 24 25 26 27 28 29
p1:52 A 11 12 13 62 44 63 46 64 65 66 67
p1:53 A 36 25 26 62 44 46 8 9 84 10 157
p1:54 A 97 98 11 99 54 5 6 8 9 84 158 10
p1:55 A 159 25 26 27 28 29 9 10
p1:56 A 24 25 26 106 27 28 29 30 31
p1:57 A 160 0 2 3 161 6 7 8 9 10
p1:58 A 32 33 34 35
p1:59 A 24 25 26 27 28 162 29 30 31
p1:60 A 51 52 53 54 55 56 57 5 17 58 59 60
p1:61 A 51 52 53 54 80 81 116
p1:62 A 51 52 163 53 54 55 164 165 166 167
p1:63 A 141 62 168 46 8 9 84 10 157
p1:64 A 39 40 41 132 80 81 169 170 60 171 172
p1:65 A 39 40 41 42 43 44 45 46 47 14 48 20
p1:66 A 39 40 41 42 43 44 45 46 47 173 14 48 20
p1:67 A 97 98 174 41 88 147 148 56 57 35 175 30 176
p1:68 A 39 40 41 88 54 55 56 57 17 75
p1:69 A 51 52 53 54 55 177 56 57 5 17 75
p1:70 A 39 40 41 88 112 101 125 102 126 127 128 129 130
p1:71 A 140 141 62 44 178 35
p1:72 A 36 25 26 62 44 46 8 9 84 10 157
p1:73 A 39 40 41 27 120 179 180 181 182
p1:74 A 32 33 119 183 120 5 168 167
p1:75 A 97 98 11 99 101 102 103 35
p1:76 A 39 40 41 184 88 54 55 56 57 185 17 75 186 76
p1:77 A 97 98 174 41 88 147 148 56 57 187 35 175 30 176
p1:78 A 188 41 184 88 54 55 56 57 189 17 75 186 76
p1:79 A 39 40 41 88 96 54 55 56 57 17 75
p1:80 A 39 40 41 42 43 44 45 46 47 14 48 20
p1:81 A 39 40 190 41 62 44
p1:82 A 140 141 62 44 35
p1:83 A 77 191 25 88 119 120 192 193 60
p1:84 A 141 62 168 46 8 9 84 10 157
p1:85 A 97 98 25 109 110 112 101 6 113 7 8 114
p1:86 A 36 25 26 27 28 5 29 37 38
p1:87 A 24 25 26 27 28 29 35
p1:88 A 11 12 13 62 44 63 46 64 65 66 67
p1:89 A 97 98 11 99 101 102 5 35
p1:90 A 24 25 26 27 28 29 35
p1:91 A 11 12 13 194 151 20
p1:92 A 24 25 26 27 28 102 5 121 46 170 60 171 172
p1:93 A 39 40 41 88 90 91 92 35 30 117
p1:94 A 39 40 41 88 195 90 91 92 196 35
p1:95 A 39 40 131 41 132 133 48 134 114
p1:96 A 24 25 26 71 72 73 74 44 23 17 75 76
p1:97 A 39 40 41 62 44 5 197
p1:98 A 97 98 25 198 109 110 112 101 6 113 7 8 114 199
p1:99 A 39 40 41 137 200 56 22 201 202 20
