#OUT: 5150 5150 SS p1 100 ./slim_s2/t_150.txt
Mutations:
13 4796 m1 2036 0 0.5 p1 118 28
137 12709 m1 126533 0 0.5 p1 315 3
3 13210 m1 35404 0 0.5 p1 327 6
16 14202 m1 54569 0 0.5 p1 352 17
86 16083 m1 38434 0 0.5 p1 399 3
195 18967 m1 138066 0 0.5 p1 472 1
2 19984 m1 22550 0 0.5 p1 499 20
40 20499 m1 48576 0 0.5 p1 511 3
158 20621 m1 131721 0 0.5 p1 513 2
4 21156 m1 40080 0 0.5 p1 528 6
184 21880 m1 123593 0 0.5 p1 544 2
110 24668 m1 132659 0 0.5 p1 615 7
83 25785 m1 88227 0 0.5 p1 642 14
131 28519 m1 64645 0 0.5 p1 711 4
34 29722 m1 21686 0 0.5 p1 742 7
53 32071 m1 148794 0 0.5 p1 802 18
135 32270 m1 97629 0 0.5 p1 806 16
14 33041 m1 3857 0 0.5 p1 825 27
30 35642 m1 91676 0 0.5 p1 892 25
10 37295 m1 128818 0 0.5 p1 936 10
192 37732 m1 188581 0 0.5 p1 949 4
60 38866 m1 115439 0 0.5 p1 977 3
36 40157 m1 56680 0 0.5 p1 1010 5
89 41679 m1 46998 0 0.5 p1 1049 4
136 42987 m1 125844 0 0.5 p1 1082 3
96 43912 m1 120683 0 0.5 p1 1106 7
48 44342 m1 14059 0 0.5 p1 1116 8
18 44706 m1 91113 0 0.5 p1 1125 2
88 45766 m1 41668 0 0.5 p1 1151 3
5 46911 m1 65077 0 0.5 p1 1180 9
42 47233 m1 31604 0 0.5 p1 1189 16
104 52056 m1 50760 0 0.5 p1 1308 4
49 52709 m1 154329 0 0.5 p1 1324 8
1 53721 m1 3637 0 0.5 p1 1349 17
0 53892 m1 3565 0 0.5 p1 1353 17
76 55199 m1 41719 0 0.5 p1 1385 3
205 60307 m1 159602 0 0.5 p1 1511 1
58 65066 m1 99736 0 0.5 p1 1629 3
107 68517 m1 90623 0 0.5 p1 1715 4
63 70249 m1 182268 0 0.5 p1 1759 9
20 70409 m1 153700 0 0.5 p1 1763 28
6 74203 m1 78886 0 0.5 p1 1857 20
17 76593 m1 74697 0 0.5 p1 1917 7
75 77232 m1 32060 0 0.5 p1 1933 3
99 77358 m1 126797 0 0.5 p1 1936 2
19 77454 m1 101264 0 0.5 p1 1938 2
8 77615 m1 116118 0 0.5 p1 1943 9
101 81993 m1 134315 0 0.5 p1 2050 2
108 83680 m1 91403 0 0.5 p1 2093 4
106 87202 m1 81427 0 0.5 p1 2182 4
59 88859 m1 100168 0 0.5 p1 2223 3
73 89798 m1 27363 0 0.5 p1 2245 13
191 90772 m1 153310 0 0.5 p1 2269 3
126 91341 m1 3772 0 0.5 p1 2284 3
15 91525 m1 21886 0 0.5 p1 2288 31
146 92695 m1 167348 0 0.5 p1 2318 1
132 96320 m1 82747 0 0.5 p1 2406 4
206 96749 m1 180909 0 0.5 p1 2417 1
140 99032 m1 189196 0 0.5 p1 2474 1
54 100326 m1 160674 0 0.5 p1 2508 16
51 101113 m1 173121 0 0.5 p1 2528 8
117 102745 m1 131385 0 0.5 p1 2568 1
11 102959 m1 133288 0 0.5 p1 2573 12
196 104299 m1 145032 0 0.5 p1 2606 1
25 107172 m1 35454 0 0.5 p1 2678 9
95 107448 m1 20734 0 0.5 p1 2685 3
68 108162 m1 159229 0 0.5 p1 2704 3
79 109134 m1 189518 0 0.5 p1 2729 6
103 109916 m1 19704 0 0.5 p1 2748 4
47 110030 m1 13790 0 0.5 p1 2751 8
190 110377 m1 152618 0 0.5 p1 2760 3
56 110581 m1 194575 0 0.5 p1 2765 3
148 112470 m1 39099 0 0.5 p1 2813 10
153 115549 m1 129372 0 0.5 p1 2888 2
180 117591 m1 76875 0 0.5 p1 2940 3
44 120762 m1 142967 0 0.5 p1 3021 12
212 122679 m1 171194 0 0.5 p1 3070 1
24 122979 m1 123 0 0.5 p1 3078 5
116 123604 m1 120507 0 0.5 p1 3092 1
28 124113 m1 65052 0 0.5 p1 3105 22
57 124398 m1 37740 0 0.5 p1 3112 24
61 126466 m1 159846 0 0.5 p1 3161 2
156 130174 m1 118484 0 0.5 p1 3251 1
161 130399 m1 178913 0 0.5 p1 3257 2
114 131560 m1 103160 0 0.5 p1 3286 2
31 132176 m1 98241 0 0.5 p1 3301 23
26 132951 m1 54797 0 0.5 p1 3320 25
203 133648 m1 120023 0 0.5 p1 3337 2
77 133826 m1 95912 0 0.5 p1 3341 1
82 133885 m1 75510 0 0.5 p1 3343 12
166 134393 m1 162477 0 0.5 p1 3356 4
100 138129 m1 133580 0 0.5 p1 3446 2
197 139669 m1 153968 0 0.5 p1 3484 1
160 140139 m1 164734 0 0.5 p1 3496 3
71 140952 m1 166763 0 0.5 p1 3517 2
155 143527 m1 72426 0 0.5 p1 3582 1
69 145827 m1 182625 0 0.5 p1 3639 3
22 146192 m1 181352 0 0.5 p1 3648 15
113 146295 m1 72069 0 0.5 p1 3651 2
35 149076 m1 29451 0 0.5 p1 3722 6
102 149281 m1 8322 0 0.5 p1 3727 4
202 149429 m1 71837 0 0.5 p1 3732 2
43 149512 m1 81694 0 0.5 p1 3734 11
72 149690 m1 171303 0 0.5 p1 3738 2
181 151624 m1 81849 0 0.5 p1 3786 3
39 152217 m1 177480 0 0.5 p1 3802 6
78 152271 m1 105956 0 0.5 p1 3803 6
38 153270 m1 105039 0 0.5 p1 3828 6
167 153708 m1 170511 0 0.5 p1 3839 3
168 156155 m1 187331 0 0.5 p1 3898 3
90 156756 m1 53630 0 0.5 p1 3913 3
138 157345 m1 179942 0 0.5 p1 3927 1
111 157445 m1 67194 0 0.5 p1 3930 2
210 157496 m1 90585 0 0.5 p1 3931 1
9 157758 m1 117226 0 0.5 p1 3938 4
105 157885 m1 59383 0 0.5 p1 3941 4
139 158744 m1 183370 0 0.5 p1 3963 1
120 159884 m1 5979 0 0.5 p1 3992 1
81 162128 m1 36464 0 0.5 p1 4048 8
66 162259 m1 43530 0 0.5 p1 4051 1
46 164441 m1 2291 0 0.5 p1 4108 1
201 165661 m1 42804 0 0.5 p1 4138 2
175 166684 m1 5745 0 0.5 p1 4163 1
62 166906 m1 166376 0 0.5 p1 4170 2
130 168337 m1 53069 0 0.5 p1 4203 4
129 168962 m1 44053 0 0.5 p1 4219 4
134 170568 m1 92702 0 0.5 p1 4260 3
179 171176 m1 18052 0 0.5 p1 4275 3
70 171593 m1 197843 0 0.5 p1 4286 1
189 171815 m1 150931 0 0.5 p1 4291 3
87 172997 m1 41102 0 0.5 p1 4322 1
109 173616 m1 110861 0 0.5 p1 4340 4
50 174090 m1 155505 0 0.5 p1 4351 3
144 174178 m1 139293 0 0.5 p1 4353 1
162 174914 m1 19172 0 0.5 p1 4372 1
154 175107 m1 72182 0 0.5 p1 4376 1
65 176025 m1 30092 0 0.5 p1 4399 1
23 176604 m1 181414 0 0.5 p1 4413 5
165 178225 m1 143982 0 0.5 p1 4452 2
52 178438 m1 22048 0 0.5 p1 4457 3
74 180410 m1 29342 0 0.5 p1 4507 1
169 180717 m1 33156 0 0.5 p1 4515 1
92 180963 m1 166375 0 0.5 p1 4522 1
55 181294 m1 191956 0 0.5 p1 4530 1
159 182184 m1 150639 0 0.5 p1 4551 2
211 182751 m1 92342 0 0.5 p1 4565 1
172 182988 m1 7683 0 0.5 p1 4571 2
45 183809 m1 181716 0 0.5 p1 4592 5
127 184018 m1 8119 0 0.5 p1 4597 2
188 184527 m1 126416 0 0.5 p1 4608 3
176 184720 m1 135069 0 0.5 p1 4614 1
41 185265 m1 17867 0 0.5 p1 4627 7
143 185896 m1 135325 0 0.5 p1 4644 1
84 185903 m1 41110 0 0.5 p1 4644 7
80 186085 m1 23904 0 0.5 p1 4649 5
177 186595 m1 169143 0 0.5 p1 4662 1
163 187020 m1 26617 0 0.5 p1 4672 1
194 187109 m1 97799 0 0.5 p1 4674 1
12 187614 m1 173014 0 0.5 p1 4688 8
93 188880 m1 7358 0 0.5 p1 4719 2
21 189284 m1 160355 0 0.5 p1 4729 5
145 189456 m1 145785 0 0.5 p1 4733 1
142 189517 m1 98320 0 0.5 p1 4734 1
125 190099 m1 33865 0 0.5 p1 4749 1
200 190231 m1 182280 0 0.5 p1 4752 1
27 191588 m1 61216 0 0.5 p1 4786 1
185 191662 m1 195679 0 0.5 p1 4788 1
64 191859 m1 185970 0 0.5 p1 4792 2
37 192555 m1 65221 0 0.5 p1 4809 3
182 192690 m1 27230 0 0.5 p1 4813 2
186 193068 m1 51097 0 0.5 p1 4822 1
112 193201 m1 70141 0 0.5 p1 4826 1
32 193891 m1 120171 0 0.5 p1 4844 2
150 194397 m1 4487 0 0.5 p1 4856 1
122 194433 m1 192543 0 0.5 p1 4857 2
199 194509 m1 126325 0 0.5 p1 4859 1
33 194588 m1 135778 0 0.5 p1 4860 2
147 195326 m1 13142 0 0.5 p1 4878 4
98 195785 m1 144211 0 0.5 p1 4889 1
97 196005 m1 143398 0 0.5 p1 4894 1
149 196059 m1 76313 0 0.5 p1 4896 4
85 196919 m1 85905 0 0.5 p1 4918 2
193 196927 m1 192583 0 0.5 p1 4918 1
171 198014 m1 78456 0 0.5 p1 4946 4
170 199089 m1 197164 0 0.5 p1 4973 1
183 199231 m1 76315 0 0.5 p1 4977 2
91 199827 m1 59883 0 0.5 p1 4991 2
152 200125 m1 36715 0 0.5 p1 4999 1
7 200190 m2 100000 0 0.5 p1 5000 23
209 200257 m1 104292 0 0.5 p1 5002 1
207 200509 m1 118865 0 0.5 p1 5008 1
94 200571 m1 91167 0 0.5 p1 5010 1
164 200757 m1 33283 0 0.5 p1 5014 1
157 200942 m1 129811 0 0.5 p1 5019 1
204 201317 m1 129824 0 0.5 p1 5028 1
151 202040 m1 70514 0 0.5 p1 5047 1
121 202293 m1 59023 0 0.5 p1 5053 1
124 202323 m1 81040 0 0.5 p1 5054 1
128 202867 m1 36840 0 0.5 p1 5068 2
133 202963 m1 81855 0 0.5 p1 5071 1
187 202968 m1 57135 0 0.5 p1 5071 1
123 203190 m1 76096 0 0.5 p1 5076 1
118 203252 m1 141815 0 0.5 p1 5078 1
178 203444 m1 179359 0 0.5 p1 5083 1
67 203580 m1 125966 0 0.5 p1 5086 1
208 203734 m1 12429 0 0.5 p1 5090 1
173 204109 m1 79916 0 0.5 p1 5099 1
141 204391 m1 137167 0 0.5 p1 5105 1
29 204760 m1 78642 0 0.5 p1 5113 1
119 204828 m1 199712 0 0.5 p1 5115 1
115 205272 m1 117956 0 0.5 p1 5126 1
198 205857 m1 19207 0 0.5 p1 5142 1
174 206138 m1 137595 0 0.5 p1 5148 1
Genomes:
p1:0 A 0 1 2 3 4 5 6 7 8 9 10 11 12
p1:1 A 13 14 15 16 17 18 19 20 21 22 23
p1:2 A 24 25 26 27 28 29 30 31 32 33 20 22
p1:3 A 34 35 36 37 17 7 38 39
p1:4 A 34 35 40 20
p1:5 A 41 2 42 16 43 7 44 22 45
p1:6 A 46 47 48 25 26 7 8 11 49 50 51
p1:7 A 13 14 15 52 26 28 30 31 53 54 55 56
p1:8 A 13 14 15 57 58 59 60 61 62 63 64
p1:9 A 2 65 42 66 16 43 67 44 68 69 70
p1:10 A 47 48 25 26 28 30 31 7 53 71 72 63
p1:11 A 73 74 75 76 77 7 78 79
p1:12 A 80 81 82 83 20
p1:13 A 13 14 15 57 84 26 28 85 30 31 53 54
p1:14 A 13 14 15 57 58 59 60 20
p1:15 A 86 87 88 89 90 91 8 10 11 49 92 51
p1:16 A 13 14 93 15 52 16 43 94 20
p1:17 A 95 82 83 96 61 62 63 64
p1:18 A 13 14 15 57 58 59 60 97 98 20
p1:19 A 13 14 15 57 84 26 28 30 31 53 54
p1:20 A 47 48 25 26 28 99 100 101 39
p1:21 A 102 103 2 42 104 16 105 106 107 108 109 110 20 12
p1:22 A 13 14 15 57 84 26 28 30 31 53 54
p1:23 A 13 14 15 57 26 28 30 31 53 54
p1:24 A 47 48 25 26 111 112 113 30 114 115 116 117 118 39 119
p1:25 A 120 95 121 82 83 96 11 49 50 51 122
p1:26 A 13 14 15 57 84 26 28 123 124 85 30 31 53 54
p1:27 A 41 2 42 16 43 44 22 45
p1:28 A 41 2 42 16 43 7 44 22 45
p1:29 A 125 86 88 89 8 32 33 20 22
p1:30 A 126 102 103 2 42 104 16 105 106 107 108 109 110 20 12
p1:31 A 34 35 36 37 17 7 38 39
p1:32 A 24 127 128 129 130 131 132 83 78 53 54 56
p1:33 A 34 35 40 20
p1:34 A 34 35 40 20
p1:35 A 13 14 15 57 5 6 133 134 135 44 22
p1:36 A 0 1 2 3 4 5 6 8 9 10 11 12
p1:37 A 126 102 103 2 42 104 16 105 106 107 108 109 110 20 12
p1:38 A 86 88 89 90 136 137 138 63 139 140
p1:39 A 41 2 42 16 43 7 141 44 22 45
p1:40 A 73 75 76 82 83 142 96 143 144 145 146
p1:41 A 0 1 147 73 148 149 6 135 7 79
p1:42 A 41 2 42 16 43 44
p1:43 A 0 1 147 73 148 149 6 135 7 79
p1:44 A 41 2 42 16 43 44 22 45
p1:45 A 0 1 147 73 148 149 6 135 7 79
p1:46 A 13 14 150 15 6 135 7 20
p1:47 A 13 14 15 57 26 28 30 31 53 54
p1:48 A 80 81 151 82 83
p1:49 A 13 14 93 15 52 152 16 17 18 19 153
p1:50 A 13 14 15 154 155 83 156 96 153 157 158 110 159 160 161
p1:51 A 47 48 162 163 164 25 26 28 30 31 20 22
p1:52 A 0 1 73 148 6 135 165 20
p1:53 A 47 48 25 26 111 113 30 7 114 8 10 11 49 51
p1:54 A 24 127 128 129 130 131 132 83 78 20 21 22 23
p1:55 A 81 82 38 166 167 63 168
p1:56 A 0 1 147 73 148 149 6 135 7 79
p1:57 A 13 14 15 169 57 26 28 30 31 44 68 69 170
p1:58 A 0 1 73 148 171 6 135 10 11 49 51
p1:59 A 172 2 42 16 43 7 44 68 69
p1:60 A 95 82 83 96 11 49 50 51 122
p1:61 A 126 102 103 2 42 104 16 105 173 106 107 108 109 110 174 20 12
p1:62 A 13 175 34 36 17 7 78 176 177 79
p1:63 A 47 48 25 26 28 30 31 7 53 54
p1:64 A 13 14 15 57 26 28 30 31 53 54
p1:65 A 80 81 82 83 20 178
p1:66 A 0 1 179 15 57 180 181 30 31 20 21 22 23
p1:67 A 24 182 129 130 131 183 132 83 78 184 110 20
p1:68 A 13 14 15 57 84 26 28 30 31 53 54
p1:69 A 13 14 15 57 26 28 30 31 136 137 185
p1:70 A 13 14 15 57 186 26 187 28 30 31 53 54 56
p1:71 A 0 1 2 3 4 5 6 8 9 10 11 12
p1:72 A 24 182 129 130 131 183 132 83 78 184 110 20
p1:73 A 81 82 38 166 167 63 168
p1:74 A 13 14 15 57 5 6 134 135 188 189 190 191 192
p1:75 A 0 1 2 3 4 5 6 8 9 10 11 12 193
p1:76 A 73 75 76 194 158 195 196 53 197 71 72 63
p1:77 A 80 81 82 83 7 20
p1:78 A 198 57 26 28 30 31 7 53 54
p1:79 A 2 42 36 17 199 166 63 200
p1:80 A 15 3 4 201 5 202 6 135 203 96 160 192
p1:81 A 81 82 38 166 167 63 168
p1:82 A 0 1 179 15 57 180 181 30 31 20 21 22 23
p1:83 A 34 35 36 37 17 7 38 39
p1:84 A 0 1 73 148 171 6 135 10 11 49 51
p1:85 A 41 2 42 16 43 44 20
p1:86 A 0 1 73 148 171 6 135 188 189 190 191 192
p1:87 A 57 26 28 30 31 7 53 54
p1:88 A 47 48 25 26 28 99 100 101 39
p1:89 A 13 14 15 57 5 6 134 135 188 189 190 191 192
p1:90 A 0 1 73 148 6 135 165 20
p1:91 A 2 42 16 43 204 44 22
p1:92 A 80 81 82 83 20
p1:93 A 0 1 73 148 171 6 135 10 205 206
p1:94 A 13 14 15 3 4 201 5 202 6 135 7 207 203 96 159 160 161
p1:95 A 13 14 15 57 84 26 28 30 31 53 54
p1:96 A 13 14 15 57 84 26 28 30 31 53 54
p1:97 A 172 2 42 90 91 8 10 11 49 51
p1:98 A 0 1 208 179 15 57 180 181 30 31 209 20 21 22 23
p1:99 A 13 14 15 89 210 211 136 137 212
