#OUT: 5160 5160 SS p1 100 ./slim_s2/t_160.txt
Mutations:
0 4796 m1 2036 0 0.5 p1 118 30
39 12709 m1 126533 0 0.5 p1 315 8
105 13210 m1 35404 0 0.5 p1 327 2
77 14202 m1 54569 0 0.5 p1 352 16
18 16083 m1 38434 0 0.5 p1 399 12
147 18967 m1 138066 0 0.5 p1 472 2
35 19984 m1 22550 0 0.5 p1 499 20
144 20499 m1 48576 0 0.5 p1 511 2
66 20621 m1 131721 0 0.5 p1 513 6
106 21156 m1 40080 0 0.5 p1 528 2
67 24668 m1 132659 0 0.5 p1 615 10
60 25785 m1 88227 0 0.5 p1 642 21
118 28519 m1 64645 0 0.5 p1 711 3
93 29722 m1 21686 0 0.5 p1 742 6
56 32071 m1 148794 0 0.5 p1 802 10
11 32270 m1 97629 0 0.5 p1 806 10
1 33041 m1 3857 0 0.5 p1 825 27
65 33812 m1 122316 0 0.5 p1 845 2
194 33856 m1 57363 0 0.5 p1 846 1
43 35642 m1 91676 0 0.5 p1 892 10
25 37295 m1 128818 0 0.5 p1 936 7
192 37732 m1 188581 0 0.5 p1 949 1
6 38866 m1 115439 0 0.5 p1 977 10
95 40157 m1 56680 0 0.5 p1 1010 4
21 41679 m1 46998 0 0.5 p1 1049 10
38 42987 m1 125844 0 0.5 p1 1082 8
110 43912 m1 120683 0 0.5 p1 1106 10
102 44342 m1 14059 0 0.5 p1 1116 8
129 44706 m1 91113 0 0.5 p1 1125 3
20 45766 m1 41668 0 0.5 p1 1151 12
8 46911 m1 65077 0 0.5 p1 1180 3
64 47233 m1 31604 0 0.5 p1 1189 18
86 52056 m1 50760 0 0.5 p1 1308 4
27 52709 m1 154329 0 0.5 p1 1324 17
30 53721 m1 3637 0 0.5 p1 1349 11
29 53892 m1 3565 0 0.5 p1 1353 11
146 55199 m1 41719 0 0.5 p1 1385 1
4 65066 m1 99736 0 0.5 p1 1629 10
89 68517 m1 90623 0 0.5 p1 1715 4
74 70249 m1 182268 0 0.5 p1 1759 8
7 70409 m1 153700 0 0.5 p1 1763 32
9 74203 m1 78886 0 0.5 p1 1857 12
97 76593 m1 74697 0 0.5 p1 1917 7
145 77232 m1 32060 0 0.5 p1 1933 1
14 77358 m1 126797 0 0.5 p1 1936 3
130 77454 m1 101264 0 0.5 p1 1938 3
24 77615 m1 116118 0 0.5 p1 1943 8
193 79040 m1 47489 0 0.5 p1 1977 1
16 81993 m1 134315 0 0.5 p1 2050 3
90 83680 m1 91403 0 0.5 p1 2093 4
88 87202 m1 81427 0 0.5 p1 2182 4
5 88859 m1 100168 0 0.5 p1 2223 10
31 89798 m1 27363 0 0.5 p1 2245 10
191 90772 m1 153310 0 0.5 p1 2269 1
61 91341 m1 3772 0 0.5 p1 2284 4
2 91525 m1 21886 0 0.5 p1 2288 33
119 96320 m1 82747 0 0.5 p1 2406 3
153 99032 m1 189196 0 0.5 p1 2474 2
57 100326 m1 160674 0 0.5 p1 2508 8
28 101113 m1 173121 0 0.5 p1 2528 17
137 102697 m1 145083 0 0.5 p1 2567 1
51 102745 m1 131385 0 0.5 p1 2568 2
26 102959 m1 133288 0 0.5 p1 2573 15
148 104299 m1 145032 0 0.5 p1 2606 2
103 107172 m1 35454 0 0.5 p1 2678 8
135 107448 m1 20734 0 0.5 p1 2685 4
159 108162 m1 159229 0 0.5 p1 2704 5
139 109134 m1 189518 0 0.5 p1 2729 7
63 109916 m1 19704 0 0.5 p1 2748 5
101 110030 m1 13790 0 0.5 p1 2751 8
190 110377 m1 152618 0 0.5 p1 2760 1
121 110581 m1 194575 0 0.5 p1 2765 5
32 112470 m1 39099 0 0.5 p1 2813 9
49 113419 m1 98308 0 0.5 p1 2837 2
131 115549 m1 129372 0 0.5 p1 2888 3
41 117591 m1 76875 0 0.5 p1 2940 6
13 117607 m1 54987 0 0.5 p1 2940 3
205 119079 m1 88906 0 0.5 p1 2977 1
195 120706 m1 59777 0 0.5 p1 3020 1
79 120762 m1 142967 0 0.5 p1 3021 10
113 122979 m1 123 0 0.5 p1 3078 2
55 124113 m1 65052 0 0.5 p1 3105 6
3 124398 m1 37740 0 0.5 p1 3112 23
72 126466 m1 159846 0 0.5 p1 3161 3
203 127277 m1 49534 0 0.5 p1 3180 1
204 127827 m1 84846 0 0.5 p1 3194 1
180 130174 m1 118484 0 0.5 p1 3251 2
68 130399 m1 178913 0 0.5 p1 3257 4
44 132176 m1 98241 0 0.5 p1 3301 8
54 132951 m1 54797 0 0.5 p1 3320 12
109 133648 m1 120023 0 0.5 p1 3337 1
138 133826 m1 95912 0 0.5 p1 3341 1
59 133885 m1 75510 0 0.5 p1 3343 16
163 134393 m1 162477 0 0.5 p1 3356 2
169 137313 m1 47175 0 0.5 p1 3426 1
15 138129 m1 133580 0 0.5 p1 3446 3
50 139453 m1 113387 0 0.5 p1 3479 2
150 139669 m1 153968 0 0.5 p1 3484 2
111 140139 m1 164734 0 0.5 p1 3496 1
196 140952 m1 166763 0 0.5 p1 3517 1
143 142571 m1 144417 0 0.5 p1 3558 2
179 143527 m1 72426 0 0.5 p1 3582 2
34 143721 m1 5482 0 0.5 p1 3586 2
160 145827 m1 182625 0 0.5 p1 3639 5
47 146192 m1 181352 0 0.5 p1 3648 11
94 149076 m1 29451 0 0.5 p1 3722 3
62 149281 m1 8322 0 0.5 p1 3727 5
108 149429 m1 71837 0 0.5 p1 3732 1
78 149512 m1 81694 0 0.5 p1 3734 9
197 149690 m1 171303 0 0.5 p1 3738 1
42 151624 m1 81849 0 0.5 p1 3786 6
17 152217 m1 177480 0 0.5 p1 3802 3
120 152271 m1 105956 0 0.5 p1 3803 9
98 153270 m1 105039 0 0.5 p1 3828 3
164 153708 m1 170511 0 0.5 p1 3839 2
165 156155 m1 187331 0 0.5 p1 3898 2
22 156756 m1 53630 0 0.5 p1 3913 5
151 157345 m1 179942 0 0.5 p1 3927 2
36 157496 m1 90585 0 0.5 p1 3931 2
87 157885 m1 59383 0 0.5 p1 3941 4
152 158744 m1 183370 0 0.5 p1 3963 2
140 159884 m1 5979 0 0.5 p1 3992 2
168 161184 m1 44216 0 0.5 p1 4023 1
162 162128 m1 36464 0 0.5 p1 4048 5
175 162259 m1 43530 0 0.5 p1 4051 2
142 163862 m1 142562 0 0.5 p1 4093 2
100 164441 m1 2291 0 0.5 p1 4108 4
107 165661 m1 42804 0 0.5 p1 4138 2
200 166684 m1 5745 0 0.5 p1 4163 3
73 166906 m1 166376 0 0.5 p1 4170 4
117 168337 m1 53069 0 0.5 p1 4203 3
116 168962 m1 44053 0 0.5 p1 4219 2
10 170568 m1 92702 0 0.5 p1 4260 2
40 171176 m1 18052 0 0.5 p1 4275 4
177 171593 m1 197843 0 0.5 p1 4286 2
189 171815 m1 150931 0 0.5 p1 4291 1
19 172997 m1 41102 0 0.5 p1 4322 4
91 173616 m1 110861 0 0.5 p1 4340 4
104 174090 m1 155505 0 0.5 p1 4351 8
178 175107 m1 72182 0 0.5 p1 4376 2
112 175911 m1 198950 0 0.5 p1 4397 1
174 176025 m1 30092 0 0.5 p1 4399 2
48 176604 m1 181414 0 0.5 p1 4413 4
99 176631 m1 172668 0 0.5 p1 4413 2
84 177679 m1 145904 0 0.5 p1 4439 2
33 178225 m1 143982 0 0.5 p1 4452 4
52 178258 m1 176064 0 0.5 p1 4453 2
126 178438 m1 22048 0 0.5 p1 4457 1
132 180717 m1 33156 0 0.5 p1 4515 1
187 180963 m1 166375 0 0.5 p1 4522 1
134 181294 m1 191956 0 0.5 p1 4530 1
37 182751 m1 92342 0 0.5 p1 4565 2
155 182988 m1 7683 0 0.5 p1 4571 7
80 183809 m1 181716 0 0.5 p1 4592 2
114 184018 m1 8119 0 0.5 p1 4597 2
188 184527 m1 126416 0 0.5 p1 4608 1
201 184720 m1 135069 0 0.5 p1 4614 3
76 185265 m1 17867 0 0.5 p1 4627 2
171 185771 m1 193740 0 0.5 p1 4641 1
53 185903 m1 41110 0 0.5 p1 4644 2
161 186085 m1 23904 0 0.5 p1 4649 3
202 186595 m1 169143 0 0.5 p1 4662 3
158 186751 m1 146881 0 0.5 p1 4666 3
92 187614 m1 173014 0 0.5 p1 4688 5
81 188880 m1 7358 0 0.5 p1 4719 1
46 189284 m1 160355 0 0.5 p1 4729 4
69 190099 m1 33865 0 0.5 p1 4749 3
83 191251 m1 42450 0 0.5 p1 4777 2
75 191859 m1 185970 0 0.5 p1 4792 4
156 192307 m1 20332 0 0.5 p1 4803 1
96 192555 m1 65221 0 0.5 p1 4809 1
170 193221 m1 51908 0 0.5 p1 4827 1
167 193311 m1 8060 0 0.5 p1 4829 1
70 193891 m1 120171 0 0.5 p1 4844 1
12 194397 m1 4487 0 0.5 p1 4856 2
136 194433 m1 192543 0 0.5 p1 4857 6
71 194588 m1 135778 0 0.5 p1 4860 1
185 195326 m1 13142 0 0.5 p1 4878 1
186 196059 m1 76313 0 0.5 p1 4896 1
149 196849 m1 152509 0 0.5 p1 4916 1
125 196919 m1 85905 0 0.5 p1 4918 1
198 196927 m1 192583 0 0.5 p1 4918 1
157 197323 m1 57583 0 0.5 p1 4928 1
122 198014 m1 78456 0 0.5 p1 4946 2
173 198160 m1 149682 0 0.5 p1 4950 1
127 198622 m1 61832 0 0.5 p1 4961 1
199 199089 m1 197164 0 0.5 p1 4973 1
207 199146 m1 143907 0 0.5 p1 4975 1
23 200190 m2 100000 0 0.5 p1 5000 17
45 200257 m1 104292 0 0.5 p1 5002 3
181 200942 m1 129811 0 0.5 p1 5019 2
133 201210 m1 120008 0 0.5 p1 5026 1
208 201597 m1 45670 0 0.5 p1 5036 1
128 201805 m1 86717 0 0.5 p1 5041 1
141 202293 m1 59023 0 0.5 p1 5053 1
115 202867 m1 36840 0 0.5 p1 5068 1
123 203107 m1 180274 0 0.5 p1 5074 1
176 203580 m1 125966 0 0.5 p1 5086 1
85 203801 m1 146811 0 0.5 p1 5091 1
172 203914 m1 57017 0 0.5 p1 5094 1
182 203944 m1 140877 0 0.5 p1 5095 1
124 204069 m1 177880 0 0.5 p1 5098 1
58 204346 m1 70331 0 0.5 p1 5104 1
166 205128 m1 159172 0 0.5 p1 5123 1
206 205480 m1 13665 0 0.5 p1 5132 1
82 205886 m1 106175 0 0.5 p1 5142 1
183 206014 m1 96352 0 0.5 p1 5146 1
154 206236 m1 20395 0 0.5 p1 5151 1
184 206385 m1 77643 0 0.5 p1 5154 1
Genomes:
p1:0 A 0 1 2 3 4 5 6 7
p1:1 A 0 1 2 3 8 9 10 11 7
p1:2 A 0 1 12 2 13 14 15 16 17
p1:3 A 18 19 20 21 22 23 24 25 26 27 28
p1:4 A 29 30 31 32 9 11 33 7
p1:5 A 34 35 18 20 21 36 37 38 39 7
p1:6 A 29 30 40 2 3 41 42 43 44 45 7 46 47 48
p1:7 A 2 3 41 42 43 49 50 51 52
p1:8 A 0 1 2 3 53 54 55 43 44 56 57
p1:9 A 0 1 2 3 58 59 60 7
p1:10 A 61 62 63 35 64 13 65 66 67 68
p1:11 A 69 18 20 21 24 70 71 7 47
p1:12 A 0 1 2 3 4 5 6 72 73 74 75
p1:13 A 76 35 64 77 78 79 47 80
p1:14 A 0 1 81 18 19 20 21 22 23 82 24 25 26 27 28
p1:15 A 69 18 20 21 24 25 26 27 28
p1:16 A 0 1 2 3 83 4 23 5 6 84 85 7
p1:17 A 61 62 63 35 64 86 77 87 88 89 90 91 67 7 92
p1:18 A 93 94 95 96 97 23 98 99 47
p1:19 A 100 101 102 103 54 23 24 26 27 104 28
p1:20 A 0 1 2 105 106 107 8 108 9 11 109 110 111 68 112
p1:21 A 113 114 115 116 117 118 119 60 120 56 57 121
p1:22 A 0 1 2 3 53 54 55 43 44 56 57
p1:23 A 29 30 31 32 122 9 11 25 26 27 28
p1:24 A 101 102 103 54 38 39 123
p1:25 A 2 3 41 42 43 49 50 51 52 124
p1:26 A 100 101 102 103 54 55 125 43 44 56 57
p1:27 A 0 1 2 126 77 127 97 128 129 130 131 99 47
p1:28 A 2 132 3 54 55 43 44 133 56 57 134 121
p1:29 A 135 59 60 110 26 27 104 28 136
p1:30 A 18 19 20 21 22 38 39 67 137 68
p1:31 A 0 1 2 3 4 5 6 7
p1:32 A 0 1 2 3 4 5 6 7
p1:33 A 0 1 2 3 54 55 138 23 120 139
p1:34 A 140 135 141 59 60 110 26 27 104 28 136
p1:35 A 0 1 2 77 97 129 130 142 143
p1:36 A 113 114 116 117 118 119 60 120 27 28
p1:37 A 93 94 144 7
p1:38 A 0 1 12 2 13 14 15 16 7
p1:39 A 31 145 146 23 66 147 148 56 149 150 139
p1:40 A 0 1 2 59 60
p1:41 A 29 30 40 2 3 41 42 43 44 7 46 47 48
p1:42 A 18 20 21 22 38 39 151 74 152 153
p1:43 A 135 59 60 110 26 27 104 28 136
p1:44 A 35 64 77 78 79 27 28
p1:45 A 29 30 154 31 32 122 9 11 25 26 27 28
p1:46 A 155 35 64 59 60 110 26 27 104 28 136
p1:47 A 100 101 102 156 103 117 157 118 119 60 120 158 56 57 121
p1:48 A 155 35 64 77 78 23 79 159 160
p1:49 A 35 64 77 78 79 47
p1:50 A 100 101 102 103 54 24 26 27 104 28
p1:51 A 155 35 64 59 60 110 72 73 74 75
p1:52 A 101 102 103 54 38 39
p1:53 A 62 63 35 64 86 77 87 88 89 90 91 67 7 92
p1:54 A 161 162 59 60 23 7
p1:55 A 31 32 9 60 120 158 56 57 121
p1:56 A 18 20 21 22 38 39 151 74 152 153
p1:57 A 31 32 9 60 120 158 56 57 121
p1:58 A 162 59 98 163 164 74 165
p1:59 A 69 18 20 21 24 25 26 27 28
p1:60 A 0 1 2 105 106 107 67 7 166 92
p1:61 A 0 1 2 3 59 60 7
p1:62 A 76 35 64 77 78 79 47 80
p1:63 A 167 18 20 168 169 170 65 66 67 68
p1:64 A 161 162 59 60 23 7
p1:65 A 0 1 2 3 4 5 6 7 47 171
p1:66 A 101 102 103 54 172 38 39
p1:67 A 155 35 64 77 78 79 173 159 160
p1:68 A 101 102 103 54 55 14 15 16 17
p1:69 A 61 62 63 35 64 86 77 87 88 89 90 91 67 7 92
p1:70 A 0 1 2 3 4 5 6 72 73 74 75
p1:71 A 35 174 64 175 77 78 176 79 159 160 177
p1:72 A 0 1 2 178 179 60 180 110 131 181 66 67 182
p1:73 A 61 62 63 35 64 86 77 87 88 89 90 91 67 7 92
p1:74 A 162 59 183 98 163 164 74 165
p1:75 A 140 135 59 60 23 110 26 27 104 28 136
p1:76 A 35 174 64 175 77 78 79 159 160 177
p1:77 A 161 162 59 184 60 7
p1:78 A 155 35 64 59 60 110 26 27 104 28 136
p1:79 A 93 94 144 7
p1:80 A 29 30 185 31 32 186 9 11 23 139
p1:81 A 34 35 18 20 21 36 37 38 39
p1:82 A 29 30 40 2 3 41 42 43 44 45 7 46 47 48
p1:83 A 29 30 31 32 9 11 33 7
p1:84 A 0 1 2 178 179 60 180 110 131 181 66 67 139
p1:85 A 18 19 20 54 24 25 26 27 187 28
p1:86 A 29 30 40 2 3 41 42 43 44 45 7 46 47 48
p1:87 A 0 1 2 77 97 129 130 142 143
p1:88 A 0 1 2 3 8 9 10 11 188 189 190 191 192
p1:89 A 193 194 195 66 147 148 56 150 196 197 198
p1:90 A 155 35 64 59 60 79 7
p1:91 A 155 35 64 77 78 23 79 159 160 199
p1:92 A 0 200 93 95 97 23 120 201 202 139
p1:93 A 0 200 93 95 97 23 120 201 202 139
p1:94 A 203 204 205 4 5 6 17
p1:95 A 29 30 31 32 9 11 33 7
p1:96 A 0 1 2 3 4 23 5 6 7
p1:97 A 0 1 206 2 3 83 4 5 6 207 84 7
p1:98 A 0 200 93 95 97 23 120 201 202 139
p1:99 A 29 30 31 32 208 9 11 33 7 73 74 75
