#OUT: 5170 5170 SS p1 100 ./slim_s2/t_170.txt
Mutations:
0 4796 m1 2036 0 0.5 p1 118 18
165 12709 m1 126533 0 0.5 p1 315 2
152 13210 m1 35404 0 0.5 p1 327 3
64 14202 m1 54569 0 0.5 p1 352 20
79 16083 m1 38434 0 0.5 p1 399 7
70 18967 m1 138066 0 0.5 p1 472 4
62 19984 m1 22550 0 0.5 p1 499 22
95 20499 m1 48576 0 0.5 p1 511 1
21 20621 m1 131721 0 0.5 p1 513 7
153 21156 m1 40080 0 0.5 p1 528 3
22 24668 m1 132659 0 0.5 p1 615 5
16 25785 m1 88227 0 0.5 p1 642 12
125 28519 m1 64645 0 0.5 p1 711 2
25 29722 m1 21686 0 0.5 p1 742 6
42 32071 m1 148794 0 0.5 p1 802 17
50 32270 m1 97629 0 0.5 p1 806 19
1 33041 m1 3857 0 0.5 p1 825 15
98 33856 m1 57363 0 0.5 p1 846 1
4 35642 m1 91676 0 0.5 p1 892 20
10 37295 m1 128818 0 0.5 p1 936 16
26 40157 m1 56680 0 0.5 p1 1010 5
101 41679 m1 46998 0 0.5 p1 1049 5
164 42987 m1 125844 0 0.5 p1 1082 2
18 43912 m1 120683 0 0.5 p1 1106 6
88 44342 m1 14059 0 0.5 p1 1116 15
171 44706 m1 91113 0 0.5 p1 1125 1
81 45766 m1 41668 0 0.5 p1 1151 7
154 46911 m1 65077 0 0.5 p1 1180 3
63 47233 m1 31604 0 0.5 p1 1189 20
141 52056 m1 50760 0 0.5 p1 1308 2
12 52709 m1 154329 0 0.5 p1 1324 13
45 53721 m1 3637 0 0.5 p1 1349 17
44 53892 m1 3565 0 0.5 p1 1353 17
132 55199 m1 41719 0 0.5 p1 1385 3
51 60307 m1 159602 0 0.5 p1 1511 5
144 68517 m1 90623 0 0.5 p1 1715 2
35 70249 m1 182268 0 0.5 p1 1759 13
59 70409 m1 153700 0 0.5 p1 1763 16
49 74203 m1 78886 0 0.5 p1 1857 18
27 76593 m1 74697 0 0.5 p1 1917 6
131 77232 m1 32060 0 0.5 p1 1933 3
135 77358 m1 126797 0 0.5 p1 1936 4
172 77454 m1 101264 0 0.5 p1 1938 1
9 77615 m1 116118 0 0.5 p1 1943 11
97 79040 m1 47489 0 0.5 p1 1977 1
137 81993 m1 134315 0 0.5 p1 2050 4
145 83680 m1 91403 0 0.5 p1 2093 2
143 87202 m1 81427 0 0.5 p1 2182 2
46 89798 m1 27363 0 0.5 p1 2245 18
138 91341 m1 3772 0 0.5 p1 2284 3
2 91525 m1 21886 0 0.5 p1 2288 22
183 92695 m1 167348 0 0.5 p1 2318 1
126 96320 m1 82747 0 0.5 p1 2406 3
13 96749 m1 180909 0 0.5 p1 2417 5
37 99032 m1 189196 0 0.5 p1 2474 3
43 100326 m1 160674 0 0.5 p1 2508 9
92 101113 m1 173121 0 0.5 p1 2528 11
134 102745 m1 131385 0 0.5 p1 2568 4
11 102959 m1 133288 0 0.5 p1 2573 15
82 104299 m1 145032 0 0.5 p1 2606 3
55 107172 m1 35454 0 0.5 p1 2678 15
149 107448 m1 20734 0 0.5 p1 2685 2
67 108162 m1 159229 0 0.5 p1 2704 6
8 109134 m1 189518 0 0.5 p1 2729 12
140 109916 m1 19704 0 0.5 p1 2748 3
87 110030 m1 13790 0 0.5 p1 2751 15
119 110581 m1 194575 0 0.5 p1 2765 7
47 112470 m1 39099 0 0.5 p1 2813 15
186 113419 m1 98308 0 0.5 p1 2837 1
19 115549 m1 129372 0 0.5 p1 2888 3
113 117591 m1 76875 0 0.5 p1 2940 3
99 120706 m1 59777 0 0.5 p1 3020 1
66 120762 m1 142967 0 0.5 p1 3021 16
170 122679 m1 171194 0 0.5 p1 3070 1
53 122979 m1 123 0 0.5 p1 3078 4
161 123604 m1 120507 0 0.5 p1 3092 2
40 124113 m1 65052 0 0.5 p1 3105 20
38 124398 m1 37740 0 0.5 p1 3112 14
17 130174 m1 118484 0 0.5 p1 3251 3
160 131560 m1 103160 0 0.5 p1 3286 2
41 132176 m1 98241 0 0.5 p1 3301 16
39 132951 m1 54797 0 0.5 p1 3320 28
5 133826 m1 95912 0 0.5 p1 3341 2
33 133885 m1 75510 0 0.5 p1 3343 9
121 134393 m1 162477 0 0.5 p1 3356 4
6 138076 m1 116767 0 0.5 p1 3445 1
136 138129 m1 133580 0 0.5 p1 3446 4
187 139453 m1 113387 0 0.5 p1 3479 1
83 139669 m1 153968 0 0.5 p1 3484 3
84 140952 m1 166763 0 0.5 p1 3517 6
7 141300 m1 147182 0 0.5 p1 3526 1
174 142571 m1 144417 0 0.5 p1 3558 1
15 143527 m1 72426 0 0.5 p1 3582 3
68 145827 m1 182625 0 0.5 p1 3639 5
60 146192 m1 181352 0 0.5 p1 3648 15
159 146295 m1 72069 0 0.5 p1 3651 2
73 149076 m1 29451 0 0.5 p1 3722 3
139 149281 m1 8322 0 0.5 p1 3727 3
190 149429 m1 71837 0 0.5 p1 3732 1
65 149512 m1 81694 0 0.5 p1 3734 16
85 149690 m1 171303 0 0.5 p1 3738 6
114 151624 m1 81849 0 0.5 p1 3786 3
77 152217 m1 177480 0 0.5 p1 3802 4
29 152271 m1 105956 0 0.5 p1 3803 7
75 153270 m1 105039 0 0.5 p1 3828 4
167 153708 m1 170511 0 0.5 p1 3839 3
168 156155 m1 187331 0 0.5 p1 3898 3
102 156756 m1 53630 0 0.5 p1 3913 3
34 157345 m1 179942 0 0.5 p1 3927 3
157 157445 m1 67194 0 0.5 p1 3930 2
155 157758 m1 117226 0 0.5 p1 3938 2
142 157885 m1 59383 0 0.5 p1 3941 2
36 158744 m1 183370 0 0.5 p1 3963 3
148 159884 m1 5979 0 0.5 p1 3992 1
32 162128 m1 36464 0 0.5 p1 4048 6
176 162259 m1 43530 0 0.5 p1 4051 1
173 163862 m1 142562 0 0.5 p1 4093 1
86 164441 m1 2291 0 0.5 p1 4108 2
189 165661 m1 42804 0 0.5 p1 4138 1
24 166684 m1 5745 0 0.5 p1 4163 3
184 166906 m1 166376 0 0.5 p1 4170 1
124 168337 m1 53069 0 0.5 p1 4203 2
123 168962 m1 44053 0 0.5 p1 4219 2
112 171176 m1 18052 0 0.5 p1 4275 2
178 171593 m1 197843 0 0.5 p1 4286 1
80 172997 m1 41102 0 0.5 p1 4322 5
146 173616 m1 110861 0 0.5 p1 4340 2
91 174090 m1 155505 0 0.5 p1 4351 3
181 174178 m1 139293 0 0.5 p1 4353 1
105 174914 m1 19172 0 0.5 p1 4372 2
14 175107 m1 72182 0 0.5 p1 4376 3
175 176025 m1 30092 0 0.5 p1 4399 1
117 176604 m1 181414 0 0.5 p1 4413 2
78 178225 m1 143982 0 0.5 p1 4452 4
188 178258 m1 176064 0 0.5 p1 4453 1
3 178438 m1 22048 0 0.5 p1 4457 2
169 180410 m1 29342 0 0.5 p1 4507 1
52 180717 m1 33156 0 0.5 p1 4515 7
128 181294 m1 191956 0 0.5 p1 4530 4
61 182988 m1 7683 0 0.5 p1 4571 4
72 183809 m1 181716 0 0.5 p1 4592 7
194 184018 m1 8119 0 0.5 p1 4597 1
30 184720 m1 135069 0 0.5 p1 4614 3
71 185265 m1 17867 0 0.5 p1 4627 8
180 185896 m1 135325 0 0.5 p1 4644 1
120 185903 m1 41110 0 0.5 p1 4644 1
94 186085 m1 23904 0 0.5 p1 4649 2
31 186595 m1 169143 0 0.5 p1 4662 3
106 187020 m1 26617 0 0.5 p1 4672 2
133 187109 m1 97799 0 0.5 p1 4674 1
111 187614 m1 173014 0 0.5 p1 4688 5
116 189284 m1 160355 0 0.5 p1 4729 2
182 189456 m1 145785 0 0.5 p1 4733 1
179 189517 m1 98320 0 0.5 p1 4734 1
192 190099 m1 33865 0 0.5 p1 4749 1
122 190231 m1 182280 0 0.5 p1 4752 1
56 191588 m1 61216 0 0.5 p1 4786 1
185 191859 m1 185970 0 0.5 p1 4792 1
89 192307 m1 20332 0 0.5 p1 4803 1
74 192555 m1 65221 0 0.5 p1 4809 1
158 193201 m1 70141 0 0.5 p1 4826 2
57 193891 m1 120171 0 0.5 p1 4844 2
118 194433 m1 192543 0 0.5 p1 4857 3
58 194588 m1 135778 0 0.5 p1 4860 2
129 195326 m1 13142 0 0.5 p1 4878 4
130 196059 m1 76313 0 0.5 p1 4896 4
69 197526 m1 131066 0 0.5 p1 4933 1
48 198014 m1 78456 0 0.5 p1 4946 5
93 198160 m1 149682 0 0.5 p1 4950 2
28 200190 m2 100000 0 0.5 p1 5000 29
115 200257 m1 104292 0 0.5 p1 5002 1
127 200486 m1 135141 0 0.5 p1 5008 1
107 200757 m1 33283 0 0.5 p1 5014 2
20 200942 m1 129811 0 0.5 p1 5019 3
191 201210 m1 120008 0 0.5 p1 5026 1
96 201317 m1 129824 0 0.5 p1 5028 1
110 201606 m1 119193 0 0.5 p1 5036 1
104 201881 m1 12056 0 0.5 p1 5043 2
150 202293 m1 59023 0 0.5 p1 5053 1
162 203252 m1 141815 0 0.5 p1 5078 1
109 203270 m1 12185 0 0.5 p1 5078 1
54 203309 m1 12693 0 0.5 p1 5079 1
177 203580 m1 125966 0 0.5 p1 5086 1
23 203944 m1 140877 0 0.5 p1 5095 2
166 204133 m1 157112 0 0.5 p1 5100 1
163 204332 m1 36517 0 0.5 p1 5104 1
103 204391 m1 137167 0 0.5 p1 5105 1
108 204411 m1 73889 0 0.5 p1 5106 2
156 205102 m1 142684 0 0.5 p1 5122 1
100 205181 m1 159643 0 0.5 p1 5124 1
151 205331 m1 186434 0 0.5 p1 5128 1
76 205767 m1 140198 0 0.5 p1 5140 1
147 206039 m1 81104 0 0.5 p1 5146 1
90 206165 m1 28718 0 0.5 p1 5149 1
193 206856 m1 77170 0 0.5 p1 5166 1
Genomes:
p1:0 A 0 1 2 3 4 5 6 7 8
p1:1 A 0 1 2 9 10 11 12 13
p1:2 A 0 1 2 14 15 16 17 18 19 20 21 22 23
p1:3 A 0 24 25 26 27 28 29 30 31 8
p1:4 A 32 33 9 10 11 34 35 36 37
p1:5 A 0 1 2 38 39 40 4 41 28 42 43
p1:6 A 44 45 46 47 48 49 50 10 51 13
p1:7 A 2 52 38 39 40 50 28
p1:8 A 53 54 55 39 56 40 4 41 57 58 59 60
p1:9 A 61 62 63 64 65 66 67 68
p1:10 A 32 33 16 69 21 70 42 51
p1:11 A 71 62 63 64 65 28 66 60 72
p1:12 A 25 73 26 74 27 28 75 76 77
p1:13 A 71 62 63 64 65 66 60 72
p1:14 A 44 45 46 47 49 50 78 59
p1:15 A 79 80 81 39 21 70 82 42 83 84 85 35
p1:16 A 86 87 88 89 90 55 39 9 11 12 91 92
p1:17 A 44 45 46 47 48 49 50 10 51 13
p1:18 A 53 62 63 64 65 66 93 67 68
p1:19 A 94 32 33 16 59
p1:20 A 25 73 95 59
p1:21 A 62 63 64 65 96 66 60
p1:22 A 97 98 99 21 70 82 42 83 100 84 85 35
p1:23 A 79 80 81 101 102 28 9 10 11 12 92
p1:24 A 71 62 63 64 65 28 103 66 60 72
p1:25 A 104 87 88 105 106 107 55 39 40 108 4 41 59 60
p1:26 A 46 47 48 49 50 10 51 13
p1:27 A 61 109 62 63 64 65 110 66 111
p1:28 A 44 45 112 2 38 113 114 4 41 115 59 116 60 117
p1:29 A 0 1 2 14 15 16 17 18 19 20 21 22 23
p1:30 A 87 88 55 39 40 4 41 28 42 84 85 118
p1:31 A 0 1 2 14 15 16 17 18 19 20 21 22 8
p1:32 A 71 62 63 64 65 28 66 60 72
p1:33 A 2 52 38 39 40 50 28
p1:34 A 0 1 2 3 64 4 41 42 43 119
p1:35 A 0 1 2 38 120 39 40 4 41 42 121 35 122
p1:36 A 71 62 63 123 124 125 126 16 29 42 43 119
p1:37 A 0 1 2 52 38 39 40 4 41 127 42 43 128 119
p1:38 A 61 62 63 64 65 66 67 60 72
p1:39 A 44 45 129 46 47 130 49 50 28 8
p1:40 A 46 131 132 133 134 8
p1:41 A 87 88 46 47 49 50 28 59
p1:42 A 87 88 55 39 40 135 136 137 77
p1:43 A 138 139 140 62 63 141 64 142 143 144 145 146 22 59 111
p1:44 A 44 45 112 2 38 113 114 4 41 59 116 60 117
p1:45 A 44 45 46 47 49 50 78 59
p1:46 A 0 1 2 52 38 39 40 147 4 41 42 43 128 119
p1:47 A 44 45 46 47 49 50 78 59
p1:48 A 148 149 150 33 16 18 11 12 91 92 118
p1:49 A 149 33 16 18 11 12 91 92 118
p1:50 A 44 45 46 47 49 50 10 11 12 92 151
p1:51 A 79 81 101 9 10 11 12 8
p1:52 A 138 139 140 62 63 141 64 142 143 144 145 146 22 59 111
p1:53 A 44 45 62 152 153 154 49 28 9 155 10 11 156 111
p1:54 A 94 32 33 16
p1:55 A 79 80 81 39 21 70 82 42 83 84 85 35
p1:56 A 79 80 81 101 102 28 9 10 11 12 92
p1:57 A 87 88 55 39 157 158 159 4 160 161 134 162 77
p1:58 A 0 24 25 26 27 28 29 30 31 8
p1:59 A 44 45 46 47 48 49 50 10 11 12 92
p1:60 A 44 45 62 152 153 154 49 28 9 155 10 11 111
p1:61 A 87 88 55 39 40 135 136 137 77
p1:62 A 53 62 63 64 65 66 93 67 68
p1:63 A 44 45 129 46 47 130 49 50 28 8
p1:64 A 0 1 2 52 163 38 39 40 4 41 42 43 128 119
p1:65 A 87 88 55 39 157 158 159 4 160 161 134
p1:66 A 87 88 55 39 164 165
p1:67 A 25 73 26 27 28 75 166 121 167 35 168
p1:68 A 0 24 25 26 27 28 29 30 31 8
p1:69 A 32 33 75 121 167 35 168
p1:70 A 71 62 63 64 65 66 60 72
p1:71 A 104 87 88 105 106 107 55 39 40 108 4 41 59 60
p1:72 A 46 169 131 132 5 28 29 8
p1:73 A 138 139 140 62 63 39 28 164 165 170
p1:74 A 32 33 75 121 167 35 168
p1:75 A 79 80 81 101 102 28 9 10 11 12 92
p1:76 A 0 1 2 64 27 171 172 173 174
p1:77 A 62 175 63 176 64 65 177 66 67 68 178
p1:78 A 61 62 63 64 65 66 67 68
p1:79 A 87 88 55 39 40 135 136 137 34 35 36 37
p1:80 A 46 131 132 33 16 179 18 180 181 182 183
p1:81 A 71 62 63 64 65 66 60 72
p1:82 A 87 88 55 39 40 4 41 28 42 84 85 35
p1:83 A 62 63 64 65 66 60
p1:84 A 86 87 88 55 39 28 78 59 184 35 185
p1:85 A 44 45 129 46 47 130 49 50 28 8
p1:86 A 87 88 55 39 40 135 136 137 34 35 36 37
p1:87 A 2 52 38 39 40 50 28
p1:88 A 44 45 129 46 47 130 49 50 28 8
p1:89 A 44 45 46 47 48 49 50 10 51 13
p1:90 A 2 38 113 114 4 186 187 134 188
p1:91 A 0 1 2 152 153 189 154 190 49 50 9 10 11 12 92
p1:92 A 0 1 2 38 39 40 4 41 28 42 43
p1:93 A 0 1 2 38 126 16 29 42 43 119
p1:94 A 71 62 63 64 65 66 59
p1:95 A 2 52 38 39 40 4 41 191 42 43 128 119
p1:96 A 44 45 46 47 49 50 10 11 12 92
p1:97 A 192 79 81 101 9 57 58 59 60
p1:98 A 87 88 55 39 40 193 4 41 28 42 84 85 35
p1:99 A 53 194 123 124 125 126 16 29 12 92
