#OUT: 5180 5180 SS p1 100 ./slim_s2/t_180.txt
Mutations:
11 4796 m1 2036 0 0.5 p1 118 20
34 12709 m1 126533 0 0.5 p1 315 8
45 13210 m1 35404 0 0.5 p1 327 10
35 14202 m1 54569 0 0.5 p1 352 21
28 16083 m1 38434 0 0.5 p1 399 10
101 18967 m1 138066 0 0.5 p1 472 3
1 19984 m1 22550 0 0.5 p1 499 27
100 20621 m1 131721 0 0.5 p1 513 4
46 21156 m1 40080 0 0.5 p1 528 10
81 24668 m1 132659 0 0.5 p1 615 6
4 25785 m1 88227 0 0.5 p1 642 24
126 28519 m1 64645 0 0.5 p1 711 3
184 29722 m1 21686 0 0.5 p1 742 1
25 32071 m1 148794 0 0.5 p1 802 13
51 32270 m1 97629 0 0.5 p1 806 14
12 33041 m1 3857 0 0.5 p1 825 20
22 35642 m1 91676 0 0.5 p1 892 10
78 37295 m1 128818 0 0.5 p1 936 16
113 37732 m1 188581 0 0.5 p1 949 2
17 38866 m1 115439 0 0.5 p1 977 5
41 40157 m1 56680 0 0.5 p1 1010 2
30 41679 m1 46998 0 0.5 p1 1049 9
33 42987 m1 125844 0 0.5 p1 1082 8
5 43912 m1 120683 0 0.5 p1 1106 16
57 44342 m1 14059 0 0.5 p1 1116 5
115 44706 m1 91113 0 0.5 p1 1125 3
29 45766 m1 41668 0 0.5 p1 1151 10
48 46911 m1 65077 0 0.5 p1 1180 9
2 47233 m1 31604 0 0.5 p1 1189 21
89 52056 m1 50760 0 0.5 p1 1308 2
7 52709 m1 154329 0 0.5 p1 1324 18
70 53721 m1 3637 0 0.5 p1 1349 12
69 53892 m1 3565 0 0.5 p1 1353 12
99 55199 m1 41719 0 0.5 p1 1385 6
177 60307 m1 159602 0 0.5 p1 1511 1
15 65066 m1 99736 0 0.5 p1 1629 5
92 68517 m1 90623 0 0.5 p1 1715 2
84 70249 m1 182268 0 0.5 p1 1759 10
18 70409 m1 153700 0 0.5 p1 1763 27
50 74203 m1 78886 0 0.5 p1 1857 16
42 76593 m1 74697 0 0.5 p1 1917 5
98 77232 m1 32060 0 0.5 p1 1933 6
158 77358 m1 126797 0 0.5 p1 1936 1
117 77454 m1 101264 0 0.5 p1 1938 3
77 77615 m1 116118 0 0.5 p1 1943 14
143 81993 m1 134315 0 0.5 p1 2050 3
93 83680 m1 91403 0 0.5 p1 2093 2
91 87202 m1 81427 0 0.5 p1 2182 2
16 88859 m1 100168 0 0.5 p1 2223 5
97 89798 m1 27363 0 0.5 p1 2245 14
112 90772 m1 153310 0 0.5 p1 2269 1
114 91341 m1 3772 0 0.5 p1 2284 2
13 91525 m1 21886 0 0.5 p1 2288 24
152 92695 m1 167348 0 0.5 p1 2318 1
127 96320 m1 82747 0 0.5 p1 2406 3
132 96749 m1 180909 0 0.5 p1 2417 2
86 99032 m1 189196 0 0.5 p1 2474 5
26 100326 m1 160674 0 0.5 p1 2508 9
9 101113 m1 173121 0 0.5 p1 2528 16
155 102697 m1 145083 0 0.5 p1 2567 2
6 102959 m1 133288 0 0.5 p1 2573 24
102 104299 m1 145032 0 0.5 p1 2606 3
58 107172 m1 35454 0 0.5 p1 2678 5
62 107448 m1 20734 0 0.5 p1 2685 8
38 108162 m1 159229 0 0.5 p1 2704 7
105 109134 m1 189518 0 0.5 p1 2729 5
88 109916 m1 19704 0 0.5 p1 2748 4
56 110030 m1 13790 0 0.5 p1 2751 5
111 110377 m1 152618 0 0.5 p1 2760 1
66 110581 m1 194575 0 0.5 p1 2765 5
107 112470 m1 39099 0 0.5 p1 2813 8
136 115549 m1 129372 0 0.5 p1 2888 2
72 117591 m1 76875 0 0.5 p1 2940 5
139 117607 m1 54987 0 0.5 p1 2940 3
171 119079 m1 88906 0 0.5 p1 2977 1
37 120762 m1 142967 0 0.5 p1 3021 11
122 122979 m1 123 0 0.5 p1 3078 4
21 124113 m1 65052 0 0.5 p1 3105 5
14 124398 m1 37740 0 0.5 p1 3112 13
166 126466 m1 159846 0 0.5 p1 3161 3
169 127277 m1 49534 0 0.5 p1 3180 1
170 127827 m1 84846 0 0.5 p1 3194 1
135 130174 m1 118484 0 0.5 p1 3251 1
54 130399 m1 178913 0 0.5 p1 3257 4
23 132176 m1 98241 0 0.5 p1 3301 11
20 132951 m1 54797 0 0.5 p1 3320 9
52 133648 m1 120023 0 0.5 p1 3337 5
3 133885 m1 75510 0 0.5 p1 3343 21
142 138129 m1 133580 0 0.5 p1 3446 3
104 139669 m1 153968 0 0.5 p1 3484 3
53 140139 m1 164734 0 0.5 p1 3496 3
146 140952 m1 166763 0 0.5 p1 3517 2
119 142571 m1 144417 0 0.5 p1 3558 2
134 143527 m1 72426 0 0.5 p1 3582 1
27 143721 m1 5482 0 0.5 p1 3586 2
39 145827 m1 182625 0 0.5 p1 3639 7
67 146192 m1 181352 0 0.5 p1 3648 10
185 149076 m1 29451 0 0.5 p1 3722 1
87 149281 m1 8322 0 0.5 p1 3727 4
49 149429 m1 71837 0 0.5 p1 3732 8
36 149512 m1 81694 0 0.5 p1 3734 16
147 149690 m1 171303 0 0.5 p1 3738 2
73 151624 m1 81849 0 0.5 p1 3786 5
144 152217 m1 177480 0 0.5 p1 3802 4
128 152271 m1 105956 0 0.5 p1 3803 4
187 153270 m1 105039 0 0.5 p1 3828 1
121 156756 m1 53630 0 0.5 p1 3913 3
83 157345 m1 179942 0 0.5 p1 3927 5
31 157496 m1 90585 0 0.5 p1 3931 2
159 157758 m1 117226 0 0.5 p1 3938 1
90 157885 m1 59383 0 0.5 p1 3941 2
85 158744 m1 183370 0 0.5 p1 3963 5
61 159884 m1 5979 0 0.5 p1 3992 5
96 162128 m1 36464 0 0.5 p1 4048 7
118 163862 m1 142562 0 0.5 p1 4093 2
164 164441 m1 2291 0 0.5 p1 4108 1
47 165661 m1 42804 0 0.5 p1 4138 9
167 166906 m1 166376 0 0.5 p1 4170 3
125 168337 m1 53069 0 0.5 p1 4203 3
124 168962 m1 44053 0 0.5 p1 4219 3
71 171176 m1 18052 0 0.5 p1 4275 5
110 171815 m1 150931 0 0.5 p1 4291 1
120 172997 m1 41102 0 0.5 p1 4322 4
94 173616 m1 110861 0 0.5 p1 4340 2
8 174090 m1 155505 0 0.5 p1 4351 9
150 174178 m1 139293 0 0.5 p1 4353 1
181 174914 m1 19172 0 0.5 p1 4372 1
133 175107 m1 72182 0 0.5 p1 4376 1
55 175911 m1 198950 0 0.5 p1 4397 1
76 176604 m1 181414 0 0.5 p1 4413 5
176 176631 m1 172668 0 0.5 p1 4413 1
175 178438 m1 22048 0 0.5 p1 4457 1
64 180717 m1 33156 0 0.5 p1 4515 1
174 180963 m1 166375 0 0.5 p1 4522 1
65 181294 m1 191956 0 0.5 p1 4530 1
154 182184 m1 150639 0 0.5 p1 4551 1
32 182751 m1 92342 0 0.5 p1 4565 2
0 182988 m1 7683 0 0.5 p1 4571 10
189 183401 m1 12714 0 0.5 p1 4582 1
141 183809 m1 181716 0 0.5 p1 4592 3
123 184018 m1 8119 0 0.5 p1 4597 3
109 184527 m1 126416 0 0.5 p1 4608 1
43 185265 m1 17867 0 0.5 p1 4627 6
68 185771 m1 193740 0 0.5 p1 4641 1
149 185896 m1 135325 0 0.5 p1 4644 1
191 185903 m1 41110 0 0.5 p1 4644 1
95 186085 m1 23904 0 0.5 p1 4649 6
161 186751 m1 146881 0 0.5 p1 4666 1
182 187020 m1 26617 0 0.5 p1 4672 1
80 187614 m1 173014 0 0.5 p1 4688 9
75 189284 m1 160355 0 0.5 p1 4729 5
151 189456 m1 145785 0 0.5 p1 4733 1
148 189517 m1 98320 0 0.5 p1 4734 1
168 191859 m1 185970 0 0.5 p1 4792 3
186 192555 m1 65221 0 0.5 p1 4809 1
163 193784 m1 112719 0 0.5 p1 4841 1
157 194397 m1 4487 0 0.5 p1 4856 1
10 194433 m1 192543 0 0.5 p1 4857 8
129 195326 m1 13142 0 0.5 p1 4878 1
131 196059 m1 76313 0 0.5 p1 4896 1
103 196849 m1 152509 0 0.5 p1 4916 2
192 196962 m1 168756 0 0.5 p1 4919 2
108 198014 m1 78456 0 0.5 p1 4946 3
190 198160 m1 149682 0 0.5 p1 4950 1
40 199089 m1 197164 0 0.5 p1 4973 1
140 199322 m1 171558 0 0.5 p1 4979 2
24 200190 m2 100000 0 0.5 p1 5000 25
74 200257 m1 104292 0 0.5 p1 5002 3
153 200509 m1 118865 0 0.5 p1 5008 1
183 200757 m1 33283 0 0.5 p1 5014 1
137 200942 m1 129811 0 0.5 p1 5019 1
173 201733 m1 136171 0 0.5 p1 5039 1
63 202293 m1 59023 0 0.5 p1 5053 3
178 202867 m1 36840 0 0.5 p1 5068 1
60 203107 m1 180274 0 0.5 p1 5074 1
79 203530 m1 140741 0 0.5 p1 5085 3
165 203734 m1 12429 0 0.5 p1 5090 1
193 203914 m1 57017 0 0.5 p1 5094 1
172 204125 m1 72596 0 0.5 p1 5099 1
82 205128 m1 159172 0 0.5 p1 5123 1
156 205630 m1 117536 0 0.5 p1 5135 1
188 205767 m1 140198 0 0.5 p1 5140 1
179 205857 m1 19207 0 0.5 p1 5142 1
145 205875 m1 7060 0 0.5 p1 5142 2
19 205976 m1 181786 0 0.5 p1 5145 1
116 206159 m1 98468 0 0.5 p1 5149 2
44 206162 m1 189102 0 0.5 p1 5149 2
180 206174 m1 72769 0 0.5 p1 5149 1
162 206435 m1 42634 0 0.5 p1 5155 1
106 206582 m1 19154 0 0.5 p1 5159 1
130 206911 m1 53800 0 0.5 p1 5167 1
59 207097 m1 143102 0 0.5 p1 5172 1
138 207237 m1 93815 0 0.5 p1 5175 1
160 207386 m1 129763 0 0.5 p1 5178 1
Genomes:
p1:0 A 0 1 2 3 4 5 6 7 8 9 10
p1:1 A 11 12 13 14 15 16 17 18 19
p1:2 A 14 20 21 22 23 24 25 26
p1:3 A 27 1 28 29 30 31 32 33 34 18
p1:4 A 0 1 2 35 36 24 37 38 39 40
p1:5 A 1 2 41 42 23 25 26
p1:6 A 43 1 2 35 3 4 5 6 7 8 9 44 10
p1:7 A 11 12 13 45 46 47 48 49 50 51 52 5 53 54 55
p1:8 A 56 57 58 20 33 34 59 60
p1:9 A 61 62 63 3 4 5 6 7 8 9 44 10
p1:10 A 11 12 13 64 14 20 21 22 23 25 26 65 66
p1:11 A 11 12 13 14 15 16 17 18 67 68
p1:12 A 69 70 71 13 14 72 73 22 23 74 18 75 67 76
p1:13 A 61 62 63 3 4 5 6 7 8 9 10
p1:14 A 28 29 30 77 78 6 79 80
p1:15 A 61 62 3 4 24 5 6 7 8 9 10
p1:16 A 11 12 13 45 46 47 81 18 82 80
p1:17 A 11 12 13 45 46 47 48 49 50 51 24 52 5 83 84 85 86
p1:18 A 87 88 1 2 89 35 90 91 92 93 94 81 18 80
p1:19 A 95 96 3 4 24 18
p1:20 A 61 62 3 4 18
p1:21 A 97 98 99 24 100 101 102 25 103 104 105
p1:22 A 69 70 106 97 107 108 50 51 109 110 111 112 113
p1:23 A 69 70 71 13 14 72 73 22 23 18 75 67 76
p1:24 A 114 87 88 1 2 3 4 24 18
p1:25 A 11 12 13 35 42 115 116 117 118 119
p1:26 A 28 120 29 30 121 24 77 78 6 7 9
p1:27 A 122 123 124 125 126 127 4 128 25 26 66
p1:28 A 69 70 129 97 107 130 131 50 51 24 105
p1:29 A 62 3 77 78 6 7 9
p1:30 A 11 12 13 77 78 6 7 132
p1:31 A 97 98 99 133 134 4 135 5 136 137 100 81 105
p1:32 A 11 12 13 45 46 47 48 49 50 51 77 78 6 7 9
p1:33 A 96 3 77 78 6 83 84 85 86
p1:34 A 62 3 4 138 5 6 7 8 9 10
p1:35 A 11 12 13 139 33 34 140 83 84 85 86
p1:36 A 13 45 46 47 48 49 50 51 52 5 53 113
p1:37 A 0 1 2 35 36 24 78 6 80
p1:38 A 11 12 13 45 46 47 48 49 50 51 77 78 6 7 9
p1:39 A 28 29 30 77 78 6 79 80
p1:40 A 97 98 99 3 4 24 18 67 141
p1:41 A 0 1 2 35 36 142 143 144
p1:42 A 11 12 145 95 96 3 4 18
p1:43 A 95 96 3 4 24 18
p1:44 A 56 57 58 20 21 22 23 24 25 146 147 84
p1:45 A 43 1 2 35 36 37 67 141
p1:46 A 11 12 13 45 46 47 48 49 50 51 24 52 5 83 84 85 86
p1:47 A 97 98 99 3 4 148 5 149 150 151 152
p1:48 A 114 87 88 1 45 46 47 48 49 50 51 24 153 52 5 154 53 54
p1:49 A 28 120 29 30 121 33 34 81 155 54
p1:50 A 69 70 97 107 50 51 24 18
p1:51 A 69 70 97 107 108 50 51 78 6 7 9
p1:52 A 11 12 13 45 46 47 48 49 50 51 77 78 6 7 9
p1:53 A 95 96 3 4 156 18
p1:54 A 28 29 30 77 78 6 7 105
p1:55 A 122 123 124 125 126 127 4 128 25 26 66
p1:56 A 28 29 30 77 78 6 79 80
p1:57 A 11 12 157 13 139 158 142 143 18
p1:58 A 69 70 1 45 46 48 50 77 159 78 6 80
p1:59 A 87 88 1 2 89 35 90 91 92 93 94 81 18 80
p1:60 A 97 107 50 4 128 160 161 25 26 66
p1:61 A 43 1 2 35 36 18
p1:62 A 97 98 99 24 100 101 102 25 103 104 105
p1:63 A 11 12 145 95 96 162 3 4 18
p1:64 A 43 1 2 35 36 163 37 67 141
p1:65 A 164 56 57 58 20 24 77 6 7 8 9
p1:66 A 69 70 165 71 13 14 72 73 22 23 74 18 75 67 76
p1:67 A 69 70 71 13 14 72 73 22 23 74 18 75 67 76
p1:68 A 0 1 2 35 36 37 38 39
p1:69 A 1 14 15 16 17 166 167 84 168
p1:70 A 169 170 171 15 16 17 144
p1:71 A 28 120 29 20 172 77 78 6 173 7 174 9
p1:72 A 11 12 13 175 35 42 115 117 136 176 67
p1:73 A 1 14 15 16 17 166 167 84 168
p1:74 A 61 62 63 3 4 5 6 7 8 9 10
p1:75 A 97 107 108 50 51 78 177 132
p1:76 A 69 70 97 107 36 37 80
p1:77 A 69 70 97 107 50 51 24 18
p1:78 A 122 123 178 124 125 126 127 4 128 25 26 66
p1:79 A 179 14 20 21 22 23 24 25 26
p1:80 A 43 1 2 35 36 18
p1:81 A 62 3 4 5 6 7 8 9 10
p1:82 A 0 1 2 35 36 142 143 144
p1:83 A 95 96 180 3 4 24 18
p1:84 A 56 57 181 182 183 58 35 36 37 38 39
p1:85 A 184 185 41 186 42 24 187 188 144
p1:86 A 0 1 2 35 36 24 37 38 39
p1:87 A 43 1 2 35 36 37 18
p1:88 A 11 12 13 35 42 115 116 117 118 119
p1:89 A 189 97 98 99 100 101 102 25 104 146 147 84
p1:90 A 0 1 2 35 36 37 190 38 39
p1:91 A 11 12 13 14 191 20 21 22 23 25 26
p1:92 A 28 120 29 30 121 33 34 81 155 54
p1:93 A 122 1 2 35 36 24 37 38 192 39
p1:94 A 27 1 28 29 30 31 32 33 34 18
p1:95 A 11 12 13 139 33 34 140 83 84 85 86
p1:96 A 56 57 58 20 193 33 34
p1:97 A 0 1 2 35 36 24 37 38 192 39
p1:98 A 0 1 2 3 4 5 166 167 84 168
p1:99 A 69 70 71 13 14 72 73 22 23 18 75 67 76
