#OUT: 5190 5190 SS p1 100 ./slim_s2/t_190.txt
Mutations:
19 4796 m1 2036 0 0.5 p1 118 22
154 12709 m1 126533 0 0.5 p1 315 2
22 13210 m1 35404 0 0.5 p1 327 3
62 14202 m1 54569 0 0.5 p1 352 23
106 16083 m1 38434 0 0.5 p1 399 5
55 18967 m1 138066 0 0.5 p1 472 3
60 19984 m1 22550 0 0.5 p1 499 24
45 20621 m1 131721 0 0.5 p1 513 10
23 21156 m1 40080 0 0.5 p1 528 3
46 24668 m1 132659 0 0.5 p1 615 10
41 25785 m1 88227 0 0.5 p1 642 19
78 28519 m1 64645 0 0.5 p1 711 1
67 29722 m1 21686 0 0.5 p1 742 2
8 32071 m1 148794 0 0.5 p1 802 11
28 32270 m1 97629 0 0.5 p1 806 21
20 33041 m1 3857 0 0.5 p1 825 21
111 33812 m1 122316 0 0.5 p1 845 3
52 33856 m1 57363 0 0.5 p1 846 1
5 35642 m1 91676 0 0.5 p1 892 13
30 37295 m1 128818 0 0.5 p1 936 16
144 37732 m1 188581 0 0.5 p1 949 1
69 40157 m1 56680 0 0.5 p1 1010 2
151 41679 m1 46998 0 0.5 p1 1049 2
153 42987 m1 125844 0 0.5 p1 1082 2
43 43912 m1 120683 0 0.5 p1 1106 14
1 44342 m1 14059 0 0.5 p1 1116 5
128 44706 m1 91113 0 0.5 p1 1125 3
107 45766 m1 41668 0 0.5 p1 1151 5
25 46911 m1 65077 0 0.5 p1 1180 6
61 47233 m1 31604 0 0.5 p1 1189 24
83 52056 m1 50760 0 0.5 p1 1308 3
32 52709 m1 154329 0 0.5 p1 1324 18
35 53721 m1 3637 0 0.5 p1 1349 19
34 53892 m1 3565 0 0.5 p1 1353 19
126 55199 m1 41719 0 0.5 p1 1385 4
179 60307 m1 159602 0 0.5 p1 1511 2
86 68517 m1 90623 0 0.5 p1 1715 3
11 70249 m1 182268 0 0.5 p1 1759 9
17 70409 m1 153700 0 0.5 p1 1763 23
27 74203 m1 78886 0 0.5 p1 1857 22
71 76593 m1 74697 0 0.5 p1 1917 5
125 77232 m1 32060 0 0.5 p1 1933 4
176 77358 m1 126797 0 0.5 p1 1936 1
129 77454 m1 101264 0 0.5 p1 1938 3
29 77615 m1 116118 0 0.5 p1 1943 13
51 79040 m1 47489 0 0.5 p1 1977 1
178 81993 m1 134315 0 0.5 p1 2050 1
87 83680 m1 91403 0 0.5 p1 2093 3
85 87202 m1 81427 0 0.5 p1 2182 3
36 89798 m1 27363 0 0.5 p1 2245 22
143 90772 m1 153310 0 0.5 p1 2269 1
21 91525 m1 21886 0 0.5 p1 2288 26
93 92695 m1 167348 0 0.5 p1 2318 4
79 96320 m1 82747 0 0.5 p1 2406 1
180 96749 m1 180909 0 0.5 p1 2417 2
155 99032 m1 189196 0 0.5 p1 2474 5
134 100326 m1 160674 0 0.5 p1 2508 7
33 101113 m1 173121 0 0.5 p1 2528 17
31 102959 m1 133288 0 0.5 p1 2573 22
56 104299 m1 145032 0 0.5 p1 2606 3
2 107172 m1 35454 0 0.5 p1 2678 6
119 107448 m1 20734 0 0.5 p1 2685 3
65 108162 m1 159229 0 0.5 p1 2704 3
47 109134 m1 189518 0 0.5 p1 2729 11
82 109916 m1 19704 0 0.5 p1 2748 4
0 110030 m1 13790 0 0.5 p1 2751 5
142 110377 m1 152618 0 0.5 p1 2760 1
139 110581 m1 194575 0 0.5 p1 2765 2
37 112470 m1 39099 0 0.5 p1 2813 18
44 115549 m1 129372 0 0.5 p1 2888 5
100 117591 m1 76875 0 0.5 p1 2940 4
161 117607 m1 54987 0 0.5 p1 2940 3
53 120706 m1 59777 0 0.5 p1 3020 1
64 120762 m1 142967 0 0.5 p1 3021 21
116 122679 m1 171194 0 0.5 p1 3070 1
12 122979 m1 123 0 0.5 p1 3078 2
4 124113 m1 65052 0 0.5 p1 3105 8
99 124398 m1 37740 0 0.5 p1 3112 12
156 126466 m1 159846 0 0.5 p1 3161 1
42 130174 m1 118484 0 0.5 p1 3251 4
112 130399 m1 178913 0 0.5 p1 3257 4
6 132176 m1 98241 0 0.5 p1 3301 14
3 132951 m1 54797 0 0.5 p1 3320 13
188 133648 m1 120023 0 0.5 p1 3337 2
147 133826 m1 95912 0 0.5 p1 3341 1
50 133885 m1 75510 0 0.5 p1 3343 20
109 137313 m1 47175 0 0.5 p1 3426 2
148 138076 m1 116767 0 0.5 p1 3445 1
177 138129 m1 133580 0 0.5 p1 3446 1
57 139669 m1 153968 0 0.5 p1 3484 3
190 140139 m1 164734 0 0.5 p1 3496 1
9 140952 m1 166763 0 0.5 p1 3517 2
149 141300 m1 147182 0 0.5 p1 3526 1
132 142571 m1 144417 0 0.5 p1 3558 1
40 143527 m1 72426 0 0.5 p1 3582 3
66 145827 m1 182625 0 0.5 p1 3639 4
18 146192 m1 181352 0 0.5 p1 3648 18
68 149076 m1 29451 0 0.5 p1 3722 1
81 149281 m1 8322 0 0.5 p1 3727 3
26 149429 m1 71837 0 0.5 p1 3732 3
63 149512 m1 81694 0 0.5 p1 3734 17
10 149690 m1 171303 0 0.5 p1 3738 2
101 151624 m1 81849 0 0.5 p1 3786 4
74 152217 m1 177480 0 0.5 p1 3802 2
80 152271 m1 105956 0 0.5 p1 3803 3
72 153270 m1 105039 0 0.5 p1 3828 2
152 156756 m1 53630 0 0.5 p1 3913 1
117 157345 m1 179942 0 0.5 p1 3927 6
84 157885 m1 59383 0 0.5 p1 3941 3
118 158744 m1 183370 0 0.5 p1 3963 6
122 159884 m1 5979 0 0.5 p1 3992 1
108 161184 m1 44216 0 0.5 p1 4023 2
49 162128 m1 36464 0 0.5 p1 4048 10
131 163862 m1 142562 0 0.5 p1 4093 1
123 164441 m1 2291 0 0.5 p1 4108 4
24 165661 m1 42804 0 0.5 p1 4138 3
114 166684 m1 5745 0 0.5 p1 4163 1
157 166906 m1 166376 0 0.5 p1 4170 1
77 168337 m1 53069 0 0.5 p1 4203 1
76 168962 m1 44053 0 0.5 p1 4219 1
173 170568 m1 92702 0 0.5 p1 4260 3
98 171176 m1 18052 0 0.5 p1 4275 4
141 171815 m1 150931 0 0.5 p1 4291 1
167 172997 m1 41102 0 0.5 p1 4322 1
88 173616 m1 110861 0 0.5 p1 4340 3
120 174090 m1 155505 0 0.5 p1 4351 8
91 174178 m1 139293 0 0.5 p1 4353 4
39 175107 m1 72182 0 0.5 p1 4376 3
104 176604 m1 181414 0 0.5 p1 4413 5
193 176631 m1 172668 0 0.5 p1 4413 1
38 178225 m1 143982 0 0.5 p1 4452 2
146 178438 m1 22048 0 0.5 p1 4457 2
169 180963 m1 166375 0 0.5 p1 4522 1
189 182184 m1 150639 0 0.5 p1 4551 1
59 182988 m1 7683 0 0.5 p1 4571 13
135 183809 m1 181716 0 0.5 p1 4592 6
75 184018 m1 8119 0 0.5 p1 4597 1
140 184527 m1 126416 0 0.5 p1 4608 1
171 184720 m1 135069 0 0.5 p1 4614 1
95 185265 m1 17867 0 0.5 p1 4627 7
90 185896 m1 135325 0 0.5 p1 4644 4
133 185903 m1 41110 0 0.5 p1 4644 2
48 186085 m1 23904 0 0.5 p1 4649 4
172 186595 m1 169143 0 0.5 p1 4662 1
138 186751 m1 146881 0 0.5 p1 4666 1
89 187614 m1 173014 0 0.5 p1 4688 7
103 189284 m1 160355 0 0.5 p1 4729 5
92 189456 m1 145785 0 0.5 p1 4733 4
127 189517 m1 98320 0 0.5 p1 4734 2
14 191588 m1 61216 0 0.5 p1 4786 1
158 191859 m1 185970 0 0.5 p1 4792 1
130 192094 m1 130128 0 0.5 p1 4798 1
124 192307 m1 20332 0 0.5 p1 4803 1
70 192555 m1 65221 0 0.5 p1 4809 1
110 193221 m1 51908 0 0.5 p1 4827 2
105 193311 m1 8060 0 0.5 p1 4829 2
115 193449 m1 91896 0 0.5 p1 4832 1
166 193784 m1 112719 0 0.5 p1 4841 1
15 193891 m1 120171 0 0.5 p1 4844 2
170 194397 m1 4487 0 0.5 p1 4856 2
121 194433 m1 192543 0 0.5 p1 4857 4
16 194588 m1 135778 0 0.5 p1 4860 2
185 195326 m1 13142 0 0.5 p1 4878 2
186 196059 m1 76313 0 0.5 p1 4896 2
163 196849 m1 152509 0 0.5 p1 4916 2
175 196919 m1 85905 0 0.5 p1 4918 1
58 198014 m1 78456 0 0.5 p1 4946 8
174 198087 m1 197448 0 0.5 p1 4948 2
97 198160 m1 149682 0 0.5 p1 4950 2
191 198622 m1 61832 0 0.5 p1 4961 1
184 199089 m1 197164 0 0.5 p1 4973 1
7 200190 m2 100000 0 0.5 p1 5000 19
102 200257 m1 104292 0 0.5 p1 5002 3
187 200509 m1 118865 0 0.5 p1 5008 1
183 200942 m1 129811 0 0.5 p1 5019 1
145 201317 m1 129824 0 0.5 p1 5028 2
137 201606 m1 119193 0 0.5 p1 5036 1
168 201733 m1 136171 0 0.5 p1 5039 1
192 201805 m1 86717 0 0.5 p1 5041 1
160 203107 m1 180274 0 0.5 p1 5074 1
113 203181 m1 130152 0 0.5 p1 5076 1
94 203243 m1 168264 0 0.5 p1 5077 1
136 203270 m1 12185 0 0.5 p1 5078 1
13 203309 m1 12693 0 0.5 p1 5079 1
165 203734 m1 12429 0 0.5 p1 5090 1
181 203751 m1 158006 0 0.5 p1 5090 1
96 205513 m1 49374 0 0.5 p1 5132 1
182 205719 m1 7139 0 0.5 p1 5138 1
73 205767 m1 140198 0 0.5 p1 5140 1
164 205797 m1 163314 0 0.5 p1 5140 1
159 205875 m1 7060 0 0.5 p1 5142 1
54 206287 m1 124821 0 0.5 p1 5152 1
195 206736 m1 121486 0 0.5 p1 5163 1
150 206752 m1 143560 0 0.5 p1 5163 1
162 206999 m1 23319 0 0.5 p1 5169 1
194 207611 m1 163936 0 0.5 p1 5184 1
Genomes:
p1:0 A 0 1 2 3 4 5 6 7 8 9 10 11
p1:1 A 12 13 2 3 14 4 5 6 15 16 17 18
p1:2 A 19 20 21 22 23 24 25 26 27 28 29 30 31 32 33
p1:3 A 34 35 36 37 27 28 38 17
p1:4 A 19 20 21 39 40 41 42 43 44 45 46 47
p1:5 A 48 49 50 41 17
p1:6 A 51 52 53 54 45 55 56 8 57 9 10 11
p1:7 A 34 35 36 37 58 27 28 30 31 32 33
p1:8 A 59 60 61 62 63 64 65 66
p1:9 A 34 35 36 37 58 27 28 30 31 32 33
p1:10 A 67 68 69 70 71 7 72 73 74
p1:11 A 12 75 76 77 78 79 41 80 29 15 16 17 18
p1:12 A 81 82 60 61 83 62 84 85 86 87 88 46 17 89
p1:13 A 49 50 29 90 91 92 93 94
p1:14 A 95 60 61 62 63 64 17
p1:15 A 36 37 27 28 38 17
p1:16 A 34 35 36 37 62 63 64 17
p1:17 A 59 60 61 96 62 63 64 97 65 66
p1:18 A 34 35 36 37 27 28 30 31 32 33
p1:19 A 34 35 98 21 99 100 101 5 6 102 17 103 18 104
p1:20 A 105 106 107 108 109 110 111 45 46 112
p1:21 A 34 35 36 37 27 28 30 113 31 32 33
p1:22 A 48 49 50 41 7 17
p1:23 A 19 114 67 69 71 115 43 17 116 117 11 118
p1:24 A 119 50 41 43 31 32 120 33 121
p1:25 A 122 119 50 41 17
p1:26 A 123 0 1 124 2 3 29 31 32 120 33
p1:27 A 81 82 60 61 83 62 84 85 86 87 88 46 17 89
p1:28 A 34 35 36 37 58 27 28 30 31 32 33
p1:29 A 36 125 126 50 41 127 43 90 91 92 93
p1:30 A 19 20 21 62 71 128 129 130 131 132
p1:31 A 19 20 21 99 133 3 4 5 6 8 134
p1:32 A 95 60 61 62 63 7 64 18 135
p1:33 A 59 136 60 61 62 63 137 64 89
p1:34 A 95 60 61 62 63 7 64 18 135
p1:35 A 36 37 27 41 80 138 8 134 139
p1:36 A 34 35 36 37 58 27 28 30 31 32 33
p1:37 A 34 35 36 37 58 27 28 140 141 142 143 144
p1:38 A 59 60 61 50 41 6 7 145 64 18
p1:39 A 19 20 21 146 5 147 148 149 47
p1:40 A 59 60 61 62 63 64 97 65 66
p1:41 A 123 0 1 2 3 7 29 31 32 120 33
p1:42 A 59 60 61 50 41 64 17
p1:43 A 36 125 126 50 41 127 43 90 91 150 92 93
p1:44 A 106 107 151 152 153 154 117 11 118 155
p1:45 A 119 50 41 43 156 157 11 158
p1:46 A 19 20 159 48 49 50 41 17
p1:47 A 49 50 29 30 31 117 11 118 155
p1:48 A 81 82 60 61 83 62 84 85 86 87 88 46 17 89
p1:49 A 49 50 29 30 31 117 11 118 155
p1:50 A 59 60 61 153 154 160
p1:51 A 19 20 82 60 61 161 111 45 46 112
p1:52 A 19 20 21 162 39 40 41 42 43 44 45 46 47
p1:53 A 95 60 61 62 63 64 17
p1:54 A 36 125 126 7 45 55 56 8 163 57 47
p1:55 A 59 60 61 50 41 43 31 32 120 33 121
p1:56 A 59 60 61 62 63 64 89
p1:57 A 19 20 21 99 133 3 4 5 6 8 134
p1:58 A 34 35 98 21 99 100 101 5 6 17 103 18 104
p1:59 A 59 60 61 62 63 90 91 92 164 93 139
p1:60 A 34 35 165 98 21 99 100 101 5 6 102 17 103 18 104
p1:61 A 95 60 61 62 63 64 18 135
p1:62 A 59 60 61 50 41 6 7 145 64 18
p1:63 A 95 60 61 62 63 166 64 18 135
p1:64 A 59 60 61 50 41 43 31 32 120 33 121
p1:65 A 21 62 63 64 89
p1:66 A 36 37 27 28 7 17
p1:67 A 106 167 107 3 29 30 31 168 32 169 33
p1:68 A 19 20 21 99 3 4 5 6 8 134
p1:69 A 19 20 170 21 161 7 80 171 172 47
p1:70 A 49 50 29 30 31 117 11 118 155
p1:71 A 21 62 63 64 89
p1:72 A 19 20 21 99 25 27 173 28 64 18 174
p1:73 A 123 0 1 2 3 4 175 5 6 8 134
p1:74 A 19 20 21 99 25 27 173 28 64 18 174
p1:75 A 105 106 107 108 109 110 111 45 46 112
p1:76 A 19 20 170 21 161 176 177 178 74
p1:77 A 34 35 36 37 58 27 28 30 179 180
p1:78 A 34 35 36 37 3 7 29 31 32 120 181 33
p1:79 A 182 59 60 61 62 63 42 43 44 183 45 46 47
p1:80 A 123 0 1 2 3 7 29 31 32 120 33
p1:81 A 36 125 126 7 45 55 56 8 163 57 47
p1:82 A 19 20 21 99 25 27 173 28 64 66 184
p1:83 A 34 35 185 36 37 186 27 28 7 47
p1:84 A 19 20 21 22 23 24 25 26 27 28 7 187 188 43 189 190 112
p1:85 A 19 20 21 99 3 4 5 6 8 134
p1:86 A 106 107 151 29 30 31 32 47
p1:87 A 19 20 21 99 3 4 5 6 7 8 134
p1:88 A 34 35 36 37 58 27 28 30 179 180
p1:89 A 34 35 98 21 99 100 101 5 6 102 17 103 18 104
p1:90 A 19 20 21 146 62 191 71 192 128 129 44 193 18
p1:91 A 19 20 21 62 71 128 129 17 103 18 104
p1:92 A 34 35 36 37 58 27 28 30 31 32 33
p1:93 A 49 50 29 30 31 117 11 118 155
p1:94 A 48 49 50 41 17
p1:95 A 19 20 21 39 40 41 42 43 44 45 46 47
p1:96 A 21 22 23 24 25 26 27 28 188 43 18 135
p1:97 A 34 35 185 36 37 186 27 28 7 47
p1:98 A 95 60 61 62 63 7 64 194 18 135
p1:99 A 49 50 72 43 195 31 32 120 33 121
