#OUT: 5200 5200 SS p1 100 ./slim_s2/t_200.txt
Mutations:
0 4796 m1 2036 0 0.5 p1 118 25
22 12709 m1 126533 0 0.5 p1 315 2
95 13210 m1 35404 0 0.5 p1 327 5
19 14202 m1 54569 0 0.5 p1 352 22
111 16083 m1 38434 0 0.5 p1 399 5
27 18967 m1 138066 0 0.5 p1 472 1
17 19984 m1 22550 0 0.5 p1 499 29
26 20621 m1 131721 0 0.5 p1 513 6
96 21156 m1 40080 0 0.5 p1 528 5
53 24668 m1 132659 0 0.5 p1 615 7
14 25785 m1 88227 0 0.5 p1 642 31
121 28519 m1 64645 0 0.5 p1 711 3
133 29722 m1 21686 0 0.5 p1 742 3
29 32071 m1 148794 0 0.5 p1 802 13
73 32270 m1 97629 0 0.5 p1 806 8
1 33041 m1 3857 0 0.5 p1 825 22
197 33812 m1 122316 0 0.5 p1 845 1
43 35642 m1 91676 0 0.5 p1 892 13
74 37295 m1 128818 0 0.5 p1 936 13
110 37732 m1 188581 0 0.5 p1 949 2
6 38866 m1 115439 0 0.5 p1 977 4
134 40157 m1 56680 0 0.5 p1 1010 6
114 41679 m1 46998 0 0.5 p1 1049 4
21 42987 m1 125844 0 0.5 p1 1082 2
51 43912 m1 120683 0 0.5 p1 1106 18
80 44342 m1 14059 0 0.5 p1 1116 5
102 44706 m1 91113 0 0.5 p1 1125 3
113 45766 m1 41668 0 0.5 p1 1151 5
97 46911 m1 65077 0 0.5 p1 1180 5
18 47233 m1 31604 0 0.5 p1 1189 26
146 52056 m1 50760 0 0.5 p1 1308 1
76 52709 m1 154329 0 0.5 p1 1324 11
38 53721 m1 3637 0 0.5 p1 1349 10
37 53892 m1 3565 0 0.5 p1 1353 10
86 55199 m1 41719 0 0.5 p1 1385 9
182 60307 m1 159602 0 0.5 p1 1511 2
4 65066 m1 99736 0 0.5 p1 1629 4
149 68517 m1 90623 0 0.5 p1 1715 1
9 70249 m1 182268 0 0.5 p1 1759 8
15 70409 m1 153700 0 0.5 p1 1763 20
65 74203 m1 78886 0 0.5 p1 1857 12
101 76593 m1 74697 0 0.5 p1 1917 9
85 77232 m1 32060 0 0.5 p1 1933 9
168 77358 m1 126797 0 0.5 p1 1936 2
103 77454 m1 101264 0 0.5 p1 1938 3
83 77615 m1 116118 0 0.5 p1 1943 11
170 81993 m1 134315 0 0.5 p1 2050 2
150 83680 m1 91403 0 0.5 p1 2093 1
148 87202 m1 81427 0 0.5 p1 2182 1
5 88859 m1 100168 0 0.5 p1 2223 4
63 89798 m1 27363 0 0.5 p1 2245 17
143 91341 m1 3772 0 0.5 p1 2284 1
2 91525 m1 21886 0 0.5 p1 2288 26
93 92695 m1 167348 0 0.5 p1 2318 7
122 96320 m1 82747 0 0.5 p1 2406 4
157 96749 m1 180909 0 0.5 p1 2417 3
195 99032 m1 189196 0 0.5 p1 2474 1
68 100326 m1 160674 0 0.5 p1 2508 11
77 101113 m1 173121 0 0.5 p1 2528 10
198 102697 m1 145083 0 0.5 p1 2567 1
159 102745 m1 131385 0 0.5 p1 2568 1
75 102959 m1 133288 0 0.5 p1 2573 14
28 104299 m1 145032 0 0.5 p1 2606 1
81 107172 m1 35454 0 0.5 p1 2678 6
70 107448 m1 20734 0 0.5 p1 2685 5
58 108162 m1 159229 0 0.5 p1 2704 7
34 109134 m1 189518 0 0.5 p1 2729 12
145 109916 m1 19704 0 0.5 p1 2748 1
79 110030 m1 13790 0 0.5 p1 2751 5
69 110581 m1 194575 0 0.5 p1 2765 8
64 112470 m1 39099 0 0.5 p1 2813 8
52 115549 m1 129372 0 0.5 p1 2888 6
41 117591 m1 76875 0 0.5 p1 2940 2
167 117607 m1 54987 0 0.5 p1 2940 3
35 120762 m1 142967 0 0.5 p1 3021 15
187 122979 m1 123 0 0.5 p1 3078 1
94 124113 m1 65052 0 0.5 p1 3105 8
3 124398 m1 37740 0 0.5 p1 3112 12
7 126466 m1 159846 0 0.5 p1 3161 3
50 130174 m1 118484 0 0.5 p1 3251 5
152 130399 m1 178913 0 0.5 p1 3257 1
125 131560 m1 103160 0 0.5 p1 3286 1
44 132176 m1 98241 0 0.5 p1 3301 11
82 132951 m1 54797 0 0.5 p1 3320 12
108 133648 m1 120023 0 0.5 p1 3337 3
128 133826 m1 95912 0 0.5 p1 3341 2
13 133885 m1 75510 0 0.5 p1 3343 22
139 134393 m1 162477 0 0.5 p1 3356 4
129 138076 m1 116767 0 0.5 p1 3445 2
169 138129 m1 133580 0 0.5 p1 3446 2
31 139669 m1 153968 0 0.5 p1 3484 1
109 140139 m1 164734 0 0.5 p1 3496 3
116 140952 m1 166763 0 0.5 p1 3517 1
131 141300 m1 147182 0 0.5 p1 3526 2
105 142571 m1 144417 0 0.5 p1 3558 2
49 143527 m1 72426 0 0.5 p1 3582 5
60 145827 m1 182625 0 0.5 p1 3639 7
36 146192 m1 181352 0 0.5 p1 3648 13
124 146295 m1 72069 0 0.5 p1 3651 1
144 149281 m1 8322 0 0.5 p1 3727 1
107 149429 m1 71837 0 0.5 p1 3732 2
20 149512 m1 81694 0 0.5 p1 3734 18
117 149690 m1 171303 0 0.5 p1 3738 1
42 151624 m1 81849 0 0.5 p1 3786 2
171 152217 m1 177480 0 0.5 p1 3802 2
66 152271 m1 105956 0 0.5 p1 3803 7
138 153270 m1 105039 0 0.5 p1 3828 1
140 153708 m1 170511 0 0.5 p1 3839 1
141 156155 m1 187331 0 0.5 p1 3898 1
115 156756 m1 53630 0 0.5 p1 3913 2
193 157345 m1 179942 0 0.5 p1 3927 1
123 157445 m1 67194 0 0.5 p1 3930 1
99 157758 m1 117226 0 0.5 p1 3938 3
147 157885 m1 59383 0 0.5 p1 3941 1
194 158744 m1 183370 0 0.5 p1 3963 1
210 159884 m1 5979 0 0.5 p1 3992 1
12 162128 m1 36464 0 0.5 p1 4048 10
205 162259 m1 43530 0 0.5 p1 4051 1
104 163862 m1 142562 0 0.5 p1 4093 2
78 164441 m1 2291 0 0.5 p1 4108 2
106 165661 m1 42804 0 0.5 p1 4138 2
132 166684 m1 5745 0 0.5 p1 4163 3
8 166906 m1 166376 0 0.5 p1 4170 3
120 168337 m1 53069 0 0.5 p1 4203 3
119 168962 m1 44053 0 0.5 p1 4219 3
39 171176 m1 18052 0 0.5 p1 4275 2
206 171593 m1 197843 0 0.5 p1 4286 1
112 172997 m1 41102 0 0.5 p1 4322 2
151 173616 m1 110861 0 0.5 p1 4340 1
84 174090 m1 155505 0 0.5 p1 4351 3
90 174178 m1 139293 0 0.5 p1 4353 7
200 174914 m1 19172 0 0.5 p1 4372 1
48 175107 m1 72182 0 0.5 p1 4376 5
153 175911 m1 198950 0 0.5 p1 4397 1
204 176025 m1 30092 0 0.5 p1 4399 1
47 176604 m1 181414 0 0.5 p1 4413 2
209 176631 m1 172668 0 0.5 p1 4413 1
156 177679 m1 145904 0 0.5 p1 4439 1
189 178225 m1 143982 0 0.5 p1 4452 1
127 178438 m1 22048 0 0.5 p1 4457 3
162 180717 m1 33156 0 0.5 p1 4515 1
190 180963 m1 166375 0 0.5 p1 4522 1
164 181294 m1 191956 0 0.5 p1 4530 1
16 182988 m1 7683 0 0.5 p1 4571 7
71 183809 m1 181716 0 0.5 p1 4592 6
135 184720 m1 135069 0 0.5 p1 4614 2
55 185265 m1 17867 0 0.5 p1 4627 10
196 185273 m1 19666 0 0.5 p1 4627 1
89 185896 m1 135325 0 0.5 p1 4644 7
126 185903 m1 41110 0 0.5 p1 4644 1
11 186085 m1 23904 0 0.5 p1 4649 9
136 186595 m1 169143 0 0.5 p1 4662 2
67 186751 m1 146881 0 0.5 p1 4666 1
201 187020 m1 26617 0 0.5 p1 4672 1
158 187109 m1 97799 0 0.5 p1 4674 1
100 187614 m1 173014 0 0.5 p1 4688 6
46 189284 m1 160355 0 0.5 p1 4729 2
91 189456 m1 145785 0 0.5 p1 4733 7
88 189517 m1 98320 0 0.5 p1 4734 6
165 190099 m1 33865 0 0.5 p1 4749 1
179 190231 m1 182280 0 0.5 p1 4752 3
23 190562 m1 144983 0 0.5 p1 4760 1
154 191251 m1 42450 0 0.5 p1 4777 1
10 191859 m1 185970 0 0.5 p1 4792 2
173 192094 m1 130128 0 0.5 p1 4798 1
142 193784 m1 112719 0 0.5 p1 4841 2
166 194397 m1 4487 0 0.5 p1 4856 2
183 194433 m1 192543 0 0.5 p1 4857 1
178 194509 m1 126325 0 0.5 p1 4859 3
92 195818 m1 159674 0 0.5 p1 4890 4
30 196849 m1 152509 0 0.5 p1 4916 1
185 196919 m1 85905 0 0.5 p1 4918 1
59 196962 m1 168756 0 0.5 p1 4919 1
72 198014 m1 78456 0 0.5 p1 4946 3
188 198160 m1 149682 0 0.5 p1 4950 1
207 198622 m1 61832 0 0.5 p1 4961 1
118 199089 m1 197164 0 0.5 p1 4973 1
155 199146 m1 143907 0 0.5 p1 4975 1
56 200190 m2 100000 0 0.5 p1 5000 19
45 200257 m1 104292 0 0.5 p1 5002 1
163 200486 m1 135141 0 0.5 p1 5008 1
202 200757 m1 33283 0 0.5 p1 5014 2
160 200942 m1 129811 0 0.5 p1 5019 1
208 201805 m1 86717 0 0.5 p1 5041 1
199 201881 m1 12056 0 0.5 p1 5043 1
211 202293 m1 59023 0 0.5 p1 5053 1
33 203425 m1 185066 0 0.5 p1 5082 1
203 203751 m1 158006 0 0.5 p1 5090 1
54 203883 m1 17377 0 0.5 p1 5094 1
61 204148 m1 103116 0 0.5 p1 5100 1
176 204372 m1 27749 0 0.5 p1 5105 1
177 204499 m1 2911 0 0.5 p1 5108 1
161 204714 m1 27947 0 0.5 p1 5112 1
180 205102 m1 142684 0 0.5 p1 5122 1
24 205719 m1 7139 0 0.5 p1 5138 1
192 206078 m1 125302 0 0.5 p1 5147 1
57 206171 m1 131489 0 0.5 p1 5149 1
184 206174 m1 72769 0 0.5 p1 5149 2
87 206187 m1 92442 0 0.5 p1 5150 2
186 206552 m1 171061 0 0.5 p1 5158 1
137 206599 m1 89740 0 0.5 p1 5159 1
62 206611 m1 15167 0 0.5 p1 5159 1
98 206615 m1 66983 0 0.5 p1 5159 1
32 206807 m1 181460 0 0.5 p1 5164 1
175 206847 m1 146774 0 0.5 p1 5165 1
174 206865 m1 133542 0 0.5 p1 5166 1
172 207254 m1 107259 0 0.5 p1 5176 1
181 207473 m1 153187 0 0.5 p1 5181 1
130 207574 m1 128056 0 0.5 p1 5183 1
25 207637 m1 119362 0 0.5 p1 5185 1
191 207969 m1 99642 0 0.5 p1 5193 1
40 208167 m1 24097 0 0.5 p1 5198 1
Genomes:
p1:0 A 0 1 2 3 4 5 6 7 8 9 10
p1:1 A 11 12 13 14 15
p1:2 A 16 17 18 19 20 21 22 23
p1:3 A 24 16 17 18 19 20 25 26 27 28 29 30 31 32 33 34
p1:4 A 17 18 19 20 35 36
p1:5 A 37 38 39 2 40 3 41 42 43 44 45 15 46 36 47
p1:6 A 0 1 2 48 49 14 50 51 52 26 53 34
p1:7 A 54 55 17 18 19 20 56 57 35 58 59 60
p1:8 A 39 2 3 41 42 43 44 61 15 46 36 47
p1:9 A 62 63 64 65 14 66 67 29 68 69
p1:10 A 70 13 14 51 7 8 9 10
p1:11 A 11 12 13 14 15
p1:12 A 16 17 18 19 20 35 58 60
p1:13 A 11 12 13 14
p1:14 A 11 12 13 14 15
p1:15 A 55 17 18 19 20 35 36 71
p1:16 A 37 38 63 64 72 65 73 74 75 76 77
p1:17 A 78 79 80 81 82 83 75 76 84 77
p1:18 A 63 85 86 13 14 87 88 51 89 90 91 92 93
p1:19 A 63 85 86 13 14 88 51 89 90 91 93
p1:20 A 0 1 2 3 82 94 43 44 56 29 68 69
p1:21 A 37 38 17 95 96 97 98 65 83 99 74 75 100
p1:22 A 0 1 2 19 101 102 103 104 105
p1:23 A 2 95 96 106 97 107 65 73 108 51 109 110
p1:24 A 111 112 113 114 115 56 83 74 75 76 77
p1:25 A 79 80 81 82 94 43 44 56 29 116 117 9
p1:26 A 16 17 18 19 20 56 35 58 60 118
p1:27 A 55 17 18 119 120 121 122 14 66 29 68 69
p1:28 A 79 80 81 82 123 124 43 56 125 83 74 75 76 77
p1:29 A 55 17 18 19 20 35 36 71
p1:30 A 16 17 18 19 20 35 100
p1:31 A 0 1 2 3 126 82 94 43 44 29 68
p1:32 A 0 1 2 127 43 128 129 130 131 34
p1:33 A 0 132 133 134 101 56 66 135 136 34
p1:34 A 0 1 2 3 122 14 66 29 68 69
p1:35 A 12 13 137 138 139 140 9 141
p1:36 A 55 17 18 19 20 142 35 36 71
p1:37 A 143 144 145 17 18 146 19 147 148 149 150 151 53 15 100
p1:38 A 70 13 14 108 51 109 152 153
p1:39 A 0 1 2 3 154 4 5 6 155 156 15
p1:40 A 70 13 14 51 7 8 157
p1:41 A 11 12 13 14 56 15
p1:42 A 16 17 18 19 20 56 35 58 60
p1:43 A 63 85 86 158 159 34
p1:44 A 63 85 86 13 14 87 88 51 89 90 91 92 93
p1:45 A 0 1 2 3 83 74 75 76 77
p1:46 A 63 85 86 48 49 14 50 51 52 160 26 53 34
p1:47 A 63 85 86 13 14 88 51 89 90 91 92 93
p1:48 A 0 1 2 161 162 3 82 94 43 44 163 29 68 164 69
p1:49 A 165 111 113 114 83 74 75 76 77
p1:50 A 0 1 166 2 167 168 169 170 171
p1:51 A 55 17 18 119 120 121 122 14 66 29 68 69
p1:52 A 0 1 2 19 101 102 103 172 173 174 104 105 175
p1:53 A 0 1 2 127 176 43 128 129 131 34
p1:54 A 55 17 18 119 120 121 122 14 66 29 68 69
p1:55 A 37 38 63 64 65 73 74 75 76 77
p1:56 A 177 17 18 134 101 178 139 9 179
p1:57 A 37 38 17 95 96 97 65 56 83 99 74 75 180 181 100
p1:58 A 63 85 86 13 14 88 51 89 90 91 93
p1:59 A 37 38 63 64 72 65 73 74 182 157
p1:60 A 17 18 134 101 44 29 68
p1:61 A 55 17 18 19 20 56 35 36 71
p1:62 A 11 12 13 14 15
p1:63 A 0 1 2 48 49 14 50 51 52 26 53 34
p1:64 A 70 13 14 51 75 76 84 77 183
p1:65 A 17 18 134 101 178 139 9 179
p1:66 A 2 95 96 106 97 107 65 73 108 51 109 110
p1:67 A 11 12 184 13 14 56 15
p1:68 A 78 79 80 81 82 94 185 43 44 29 68 186
p1:69 A 187 17 18 19 20 35 188 58 60
p1:70 A 37 38 63 64 65 73 189 15
p1:71 A 0 1 166 2 167 168 169 170 171
p1:72 A 0 1 2 48 49 14 50 51 52 26 53 34
p1:73 A 11 12 13 14 15 69
p1:74 A 0 1 2 3 82 94 43 44 29 68
p1:75 A 111 112 113 82 83 74 75 76 190 77
p1:76 A 17 18 134 101 178 139 9 179
p1:77 A 0 1 2 3 4 56 5 6 15
p1:78 A 111 113 114 83 74 75 76 34
p1:79 A 63 64 72 65 73 191 192 74 182 157
p1:80 A 55 17 18 19 20 15
p1:81 A 17 18 19 20 35 36
p1:82 A 111 113 114 115 21 22 193 9 194 195
p1:83 A 0 1 2 48 49 14 50 51 52 26 53 34
p1:84 A 16 17 18 19 20 35 58 60
p1:85 A 0 1 196 2 167 197 53 198 100
p1:86 A 63 85 86 13 14 88 51 89 90 91 93
p1:87 A 0 1 2 3 4 56 5 6 15
p1:88 A 199 79 80 200 201 202 81 82 94 43 44 15 36
p1:89 A 11 12 184 13 14 56 15
p1:90 A 37 38 63 64 82 56 83 75 76 84 203 77
p1:91 A 0 132 133 134 101 56 66 135 136 34
p1:92 A 17 204 18 205 19 20 35 58 60 206
p1:93 A 0 1 2 127 19 207 101 208 102 103 52 209 36
p1:94 A 55 17 18 19 20 142 35 36 71
p1:95 A 63 85 86 13 14 56 15 36 71
p1:96 A 37 38 17 95 96 97 65 83 99 74 75 100
p1:97 A 0 132 133 202 81 82 94 43 44 15 36
p1:98 A 210 70 211 13 14 51 89 90 91 92 93
p1:99 A 37 38 63 64 65 73 56 15
