#OUT: 5020 5020 SS p1 100 ./slim_s2/t_20.txt
Mutations:
23 4796 m1 2036 0 0.5 p1 118 40
18 12709 m1 126533 0 0.5 p1 315 7
92 13210 m1 35404 0 0.5 p1 327 6
2 14202 m1 54569 0 0.5 p1 352 20
7 16083 m1 38434 0 0.5 p1 399 5
82 18967 m1 138066 0 0.5 p1 472 10
0 19984 m1 22550 0 0.5 p1 499 14
95 20499 m1 48576 0 0.5 p1 511 3
81 20621 m1 131721 0 0.5 p1 513 11
102 21156 m1 40080 0 0.5 p1 528 5
127 21880 m1 123593 0 0.5 p1 544 2
65 24668 m1 132659 0 0.5 p1 615 7
69 25785 m1 88227 0 0.5 p1 642 16
76 28519 m1 64645 0 0.5 p1 711 4
25 29722 m1 21686 0 0.5 p1 742 5
48 32071 m1 148794 0 0.5 p1 802 17
38 32270 m1 97629 0 0.5 p1 806 16
50 33041 m1 3857 0 0.5 p1 825 36
205 33812 m1 122316 0 0.5 p1 845 1
85 33856 m1 57363 0 0.5 p1 846 5
120 35642 m1 91676 0 0.5 p1 892 7
12 37295 m1 128818 0 0.5 p1 936 3
182 37732 m1 188581 0 0.5 p1 949 4
55 38866 m1 115439 0 0.5 p1 977 11
26 40157 m1 56680 0 0.5 p1 1010 5
9 41679 m1 46998 0 0.5 p1 1049 3
17 42987 m1 125844 0 0.5 p1 1082 7
29 43912 m1 120683 0 0.5 p1 1106 15
34 44342 m1 14059 0 0.5 p1 1116 7
140 44706 m1 91113 0 0.5 p1 1125 8
8 45766 m1 41668 0 0.5 p1 1151 5
104 46911 m1 65077 0 0.5 p1 1180 9
1 47233 m1 31604 0 0.5 p1 1189 13
59 52056 m1 50760 0 0.5 p1 1308 4
14 52709 m1 154329 0 0.5 p1 1324 6
151 53721 m1 3637 0 0.5 p1 1349 3
150 53892 m1 3565 0 0.5 p1 1353 3
110 55199 m1 41719 0 0.5 p1 1385 11
83 60307 m1 159602 0 0.5 p1 1511 2
53 65066 m1 99736 0 0.5 p1 1629 11
62 68517 m1 90623 0 0.5 p1 1715 4
20 70249 m1 182268 0 0.5 p1 1759 14
30 70409 m1 153700 0 0.5 p1 1763 30
37 74203 m1 78886 0 0.5 p1 1857 17
27 76593 m1 74697 0 0.5 p1 1917 13
109 77232 m1 32060 0 0.5 p1 1933 12
141 77454 m1 101264 0 0.5 p1 1938 8
11 77615 m1 116118 0 0.5 p1 1943 5
84 79040 m1 47489 0 0.5 p1 1977 5
63 83680 m1 91403 0 0.5 p1 2093 4
61 87202 m1 81427 0 0.5 p1 2182 4
54 88859 m1 100168 0 0.5 p1 2223 11
67 89798 m1 27363 0 0.5 p1 2245 16
40 90772 m1 153310 0 0.5 p1 2269 4
56 91341 m1 3772 0 0.5 p1 2284 6
51 91525 m1 21886 0 0.5 p1 2288 38
115 92695 m1 167348 0 0.5 p1 2318 3
77 96320 m1 82747 0 0.5 p1 2406 4
22 99032 m1 189196 0 0.5 p1 2474 7
49 100326 m1 160674 0 0.5 p1 2508 7
15 101113 m1 173121 0 0.5 p1 2528 6
123 102745 m1 131385 0 0.5 p1 2568 3
13 102959 m1 133288 0 0.5 p1 2573 7
88 104299 m1 145032 0 0.5 p1 2606 9
42 107172 m1 35454 0 0.5 p1 2678 5
133 107448 m1 20734 0 0.5 p1 2685 2
130 108162 m1 159229 0 0.5 p1 2704 1
155 109134 m1 189518 0 0.5 p1 2729 5
58 109916 m1 19704 0 0.5 p1 2748 6
33 110030 m1 13790 0 0.5 p1 2751 7
39 110377 m1 152618 0 0.5 p1 2760 4
41 110581 m1 194575 0 0.5 p1 2765 8
68 112470 m1 39099 0 0.5 p1 2813 4
208 113419 m1 98308 0 0.5 p1 2837 1
142 115549 m1 129372 0 0.5 p1 2888 6
156 117591 m1 76875 0 0.5 p1 2940 2
98 117607 m1 54987 0 0.5 p1 2940 3
100 119079 m1 88906 0 0.5 p1 2977 1
86 120706 m1 59777 0 0.5 p1 3020 5
5 120762 m1 142967 0 0.5 p1 3021 11
31 122679 m1 171194 0 0.5 p1 3070 3
72 122979 m1 123 0 0.5 p1 3078 4
122 123604 m1 120507 0 0.5 p1 3092 2
167 124113 m1 65052 0 0.5 p1 3105 3
52 124398 m1 37740 0 0.5 p1 3112 20
36 127277 m1 49534 0 0.5 p1 3180 3
99 127827 m1 84846 0 0.5 p1 3194 1
187 130174 m1 118484 0 0.5 p1 3251 1
101 130399 m1 178913 0 0.5 p1 3257 4
121 131560 m1 103160 0 0.5 p1 3286 2
158 132176 m1 98241 0 0.5 p1 3301 4
43 132951 m1 54797 0 0.5 p1 3320 9
106 133648 m1 120023 0 0.5 p1 3337 5
195 133826 m1 95912 0 0.5 p1 3341 1
79 133885 m1 75510 0 0.5 p1 3343 10
203 137313 m1 47175 0 0.5 p1 3426 1
209 139453 m1 113387 0 0.5 p1 3479 1
89 139669 m1 153968 0 0.5 p1 3484 8
107 140139 m1 164734 0 0.5 p1 3496 4
90 140952 m1 166763 0 0.5 p1 3517 5
173 142571 m1 144417 0 0.5 p1 3558 3
186 143527 m1 72426 0 0.5 p1 3582 1
131 145827 m1 182625 0 0.5 p1 3639 2
6 146192 m1 181352 0 0.5 p1 3648 15
119 146295 m1 72069 0 0.5 p1 3651 2
184 149076 m1 29451 0 0.5 p1 3722 2
57 149281 m1 8322 0 0.5 p1 3727 6
105 149429 m1 71837 0 0.5 p1 3732 7
4 149512 m1 81694 0 0.5 p1 3734 8
91 149690 m1 171303 0 0.5 p1 3738 5
157 151624 m1 81849 0 0.5 p1 3786 2
70 152271 m1 105956 0 0.5 p1 3803 6
212 153270 m1 105039 0 0.5 p1 3828 1
16 156756 m1 53630 0 0.5 p1 3913 1
19 157345 m1 179942 0 0.5 p1 3927 9
118 157445 m1 67194 0 0.5 p1 3930 2
60 157885 m1 59383 0 0.5 p1 3941 4
21 158744 m1 183370 0 0.5 p1 3963 9
202 161184 m1 44216 0 0.5 p1 4023 1
78 162128 m1 36464 0 0.5 p1 4048 4
172 163862 m1 142562 0 0.5 p1 4093 3
149 164441 m1 2291 0 0.5 p1 4108 1
103 165661 m1 42804 0 0.5 p1 4138 5
24 166684 m1 5745 0 0.5 p1 4163 4
75 168337 m1 53069 0 0.5 p1 4203 4
74 168962 m1 44053 0 0.5 p1 4219 4
178 170568 m1 92702 0 0.5 p1 4260 4
166 171593 m1 197843 0 0.5 p1 4286 1
198 171815 m1 150931 0 0.5 p1 4291 2
64 173616 m1 110861 0 0.5 p1 4340 4
135 174090 m1 155505 0 0.5 p1 4351 4
113 174178 m1 139293 0 0.5 p1 4353 3
108 175911 m1 198950 0 0.5 p1 4397 2
160 176604 m1 181414 0 0.5 p1 4413 1
180 176631 m1 172668 0 0.5 p1 4413 3
96 177679 m1 145904 0 0.5 p1 4439 5
152 178225 m1 143982 0 0.5 p1 4452 2
211 178258 m1 176064 0 0.5 p1 4453 1
139 178438 m1 22048 0 0.5 p1 4457 4
185 178972 m1 10042 0 0.5 p1 4471 1
32 180340 m1 9787 0 0.5 p1 4506 2
194 180410 m1 29342 0 0.5 p1 4507 1
176 181294 m1 191956 0 0.5 p1 4530 1
191 182253 m1 85481 0 0.5 p1 4553 1
128 182988 m1 7683 0 0.5 p1 4571 2
183 183401 m1 12714 0 0.5 p1 4582 3
159 183801 m1 104132 0 0.5 p1 4591 1
125 183809 m1 181716 0 0.5 p1 4592 2
73 184018 m1 8119 0 0.5 p1 4597 2
197 184527 m1 126416 0 0.5 p1 4608 2
46 184617 m1 27533 0 0.5 p1 4611 1
124 185265 m1 17867 0 0.5 p1 4627 2
190 185273 m1 19666 0 0.5 p1 4627 1
188 185771 m1 193740 0 0.5 p1 4641 1
112 185896 m1 135325 0 0.5 p1 4644 3
94 186031 m1 47363 0 0.5 p1 4647 1
145 186085 m1 23904 0 0.5 p1 4649 3
71 186751 m1 146881 0 0.5 p1 4666 1
66 187614 m1 173014 0 0.5 p1 4688 6
93 188181 m1 46904 0 0.5 p1 4702 1
144 188304 m1 122754 0 0.5 p1 4705 1
206 188585 m1 84203 0 0.5 p1 4713 1
138 188880 m1 7358 0 0.5 p1 4719 2
114 189456 m1 145785 0 0.5 p1 4733 3
111 189517 m1 98320 0 0.5 p1 4734 3
181 189900 m1 181716 0 0.5 p1 4744 2
162 190099 m1 33865 0 0.5 p1 4749 1
35 190647 m1 38988 0 0.5 p1 4762 2
147 191251 m1 42450 0 0.5 p1 4777 4
45 191662 m1 195679 0 0.5 p1 4788 1
171 192094 m1 130128 0 0.5 p1 4798 2
143 192268 m1 107463 0 0.5 p1 4802 1
126 192690 m1 27230 0 0.5 p1 4813 2
204 193221 m1 51908 0 0.5 p1 4827 1
97 193305 m1 191196 0 0.5 p1 4829 1
201 193311 m1 8060 0 0.5 p1 4829 1
189 193438 m1 152769 0 0.5 p1 4832 1
28 193449 m1 91896 0 0.5 p1 4832 1
193 193784 m1 112719 0 0.5 p1 4841 1
164 193891 m1 120171 0 0.5 p1 4844 1
137 194433 m1 192543 0 0.5 p1 4857 3
168 194567 m1 1706 0 0.5 p1 4860 1
165 194588 m1 135778 0 0.5 p1 4860 1
192 194589 m1 96043 0 0.5 p1 4860 1
153 194828 m1 64404 0 0.5 p1 4866 1
196 195164 m1 146110 0 0.5 p1 4874 1
175 195197 m1 160865 0 0.5 p1 4874 1
161 195202 m1 178504 0 0.5 p1 4875 1
199 195326 m1 13142 0 0.5 p1 4878 1
3 195337 m1 55855 0 0.5 p1 4878 1
200 196059 m1 76313 0 0.5 p1 4896 1
87 196546 m1 86944 0 0.5 p1 4908 1
44 196564 m1 96166 0 0.5 p1 4909 1
117 196844 m1 127509 0 0.5 p1 4916 1
154 196849 m1 152509 0 0.5 p1 4916 3
169 196940 m1 52139 0 0.5 p1 4918 1
174 197031 m1 185303 0 0.5 p1 4921 2
177 197058 m1 139305 0 0.5 p1 4921 1
210 197198 m1 117872 0 0.5 p1 4925 1
80 197526 m1 131066 0 0.5 p1 4933 1
146 197572 m1 29404 0 0.5 p1 4935 1
214 197717 m1 22884 0 0.5 p1 4938 1
179 198087 m1 197448 0 0.5 p1 4948 1
136 198634 m1 158657 0 0.5 p1 4961 1
47 198700 m1 61758 0 0.5 p1 4963 1
213 198809 m1 107253 0 0.5 p1 4966 1
170 198864 m1 37645 0 0.5 p1 4967 1
132 199089 m1 197164 0 0.5 p1 4973 1
148 199146 m1 143907 0 0.5 p1 4975 3
163 199568 m1 90486 0 0.5 p1 4985 1
207 199680 m1 142076 0 0.5 p1 4988 1
10 200190 m2 100000 0.0199999996 0.5 p1 5000 13
129 200586 m1 113049 0 0.5 p1 5010 1
116 200660 m1 22931 0 0.5 p1 5012 1
134 200811 m1 54058 0 0.5 p1 5016 1
Genomes:
p1:0 A 0 1 2 3 4 5 6
p1:1 A 7 8 9 10 11 12 13 14 15
p1:2 A 7 8 9 16 17 18 19 20 21 22
p1:3 A 23 24 25 26 27 28 29 30 31 19 20 21
p1:4 A 32 33 34 35 36 37 38 39 40 41
p1:5 A 33 34 42 43 44 17 18 45
p1:6 A 23 24 25 46 26 47 27 48 49 41
p1:7 A 23 50 51 52 53 10 54 55 30
p1:8 A 56 57 58 0 1 59 2 60 61 62 63 64 65 30 66
p1:9 A 67 68 37 69 70 71 48 49 41
p1:10 A 72 73 74 75 76 77 69 70 48 49 41
p1:11 A 78 79 69 80 81 82 48 83
p1:12 A 84 85 86 87 81 82 88 48 89 90 91 20
p1:13 A 23 50 92 93 94 95 53 54 55 96 30 97
p1:14 A 23 50 51 98 17 18 19 20 21 22
p1:15 A 36 99 100 53 10 54 55 101
p1:16 A 23 24 25 26 27 10 29 30 31 19 20 21
p1:17 A 23 50 51 92 102 103 104 105 37 38 106 29 107 101 108
p1:18 A 67 109 110 79 69 111 29 112 113 114 115
p1:19 A 23 50 51 116 52 53 54 55 117 30
p1:20 A 33 34 42 43 118 119 120 121 122 123
p1:21 A 124 0 1 2 4 5 6 125
p1:22 A 72 126 74 75 76 77 69 70 127 65 30 66
p1:23 A 23 50 51 92 102 103 104 105 37 38 11 12 13 14 15
p1:24 A 128 0 1 2 4 10 129 5 130 131 132
p1:25 A 133 134 79 69 29 13 14 135 136 15 137
p1:26 A 23 50 138 51 139 2 27 140 141 142
p1:27 A 23 50 51 139 53 54 143 55 144 30
p1:28 A 33 34 42 43 17 18
p1:29 A 72 73 74 75 76 77 69 70 48 49 41
p1:30 A 23 50 51 92 102 103 104 105 37 38 106 29 107 101 108
p1:31 A 133 79 69 29 13 14 135 15 137
p1:32 A 145 146 78 79 69 30
p1:33 A 33 34 42 43 118 119 120 121 122 123
p1:34 A 128 0 1 79 69 29 13 14 135 15 137
p1:35 A 23 50 51 52 147 53 54 55 148 96 30
p1:36 A 149 33 34 42 43 11 13 14 135 15
p1:37 A 56 57 58 0 1 43 17 18
p1:38 A 23 50 51 52 147 53 54 55 148 96 30
p1:39 A 150 151 67 68 37 38 152 30
p1:40 A 67 109 110 153 81 82 88 48 6
p1:41 A 67 109 110 81 82 88 48 154 89 155
p1:42 A 23 50 51 10 11 12 13 19 20 21 22
p1:43 A 23 50 51 52 156 157 120 158 10 159 30 6 160
p1:44 A 150 151 67 68 37 38 152 30 161
p1:45 A 162 7 8 9 163 11 164 165 131 166
p1:46 A 56 57 58 0 52 43 167 120 158 48 49
p1:47 A 168 23 50 51 52 95 169 30 6
p1:48 A 23 50 51 170 52 147 53 54 55 96 30
p1:49 A 67 109 110 81 82 88 48 154 89 155
p1:50 A 23 50 51 2 27 140 141 171 172 173 174
p1:51 A 23 50 51 2 27 140 141 171 172 173 174
p1:52 A 23 50 51 52 43 167 120 158 48 49
p1:53 A 84 85 86 81 82 88 48 89 90 91 20
p1:54 A 23 50 51 52 84 85 86 105 37 38 106 29 83 175 176 41
p1:55 A 23 50 51 52 43 167 120 158 10 177 48 49 41
p1:56 A 23 50 51 52 104 37 178 38 5 6 179
p1:57 A 72 126 74 75 76 77 69 10 70 127 65 30 66
p1:58 A 23 50 51 2 27 140 141 142 180 6 181
p1:59 A 23 50 138 51 139 2 27 140 10 141 142
p1:60 A 51 92 102 103 104 105 37 38 106 29 107 182
p1:61 A 23 50 51 52 147 53 54 55 148 96 30
p1:62 A 145 78 79 69 10 30
p1:63 A 183 67 109 110 81 82 88 48 89 90 91 20
p1:64 A 25 184 95 30
p1:65 A 23 50 185 51 186 69 187 29 142 6 188
p1:66 A 67 109 26 27 29 189 30 31 19 20 21 22
p1:67 A 32 33 34 35 36 37 38 39 40 41
p1:68 A 145 78 79 69 30
p1:69 A 56 57 58 0 1 59 2 60 61 62 63 64 65 30 66
p1:70 A 67 109 110 81 82 88 48 154 89 155
p1:71 A 7 8 2 4 5 30
p1:72 A 23 50 190 51 98 191 192 38 17 18 19 20 21 22
p1:73 A 124 0 1 2 4 193 5 6 125
p1:74 A 67 194 109 110 195 70 155
p1:75 A 23 50 51 139 2 27 140 141 142 180 6
p1:76 A 56 57 58 0 1 59 2 60 61 62 63 64 65 30 66
p1:77 A 183 67 109 110 196 19 20 21 22
p1:78 A 56 57 58 0 1 59 2 60 61 62 63 64 65 30 66
p1:79 A 0 1 2 4 5 6
p1:80 A 23 50 51 2 27 140 141 142 180 6 181
p1:81 A 51 92 102 103 104 105 37 38 106 29 107 182
p1:82 A 23 50 51 52 104 37 178 38 197 198 39 40 182
p1:83 A 23 50 51 2 27 140 141 172 173
p1:84 A 84 85 86 10 81 82 88 48 89 90 91 20
p1:85 A 67 109 110 79 69 111 29 112 113 114 115
p1:86 A 23 50 51 52 104 37 178 38 5 6
p1:87 A 23 50 51 52 53 54 55 30
p1:88 A 23 24 0 1 2 4 5 30
p1:89 A 67 109 110 79 69 111 29 112 113 114 115
p1:90 A 150 151 199 67 68 200 37 38 155
p1:91 A 201 7 8 202 203 204 205 81 65 101
p1:92 A 23 50 51 52 84 85 86 105 37 206 81 82 88 48 89 90 91 20
p1:93 A 23 50 51 52 53 54 55 30
p1:94 A 183 67 109 110 207 5 6
p1:95 A 51 52 156 157 120 208 209 210 123 211
p1:96 A 25 184 26 27 212 213 30
p1:97 A 0 1 2 4 10 5 6
p1:98 A 23 50 51 214 52 104 37 178 38 197 198 39 40 182
p1:99 A 23 50 51 98 17 18 19 20 21 22
