#OUT: 5030 5030 SS p1 100 ./slim_s2/t_30.txt
Mutations:
17 4796 m1 2036 0 0.5 p1 118 37
88 12709 m1 126533 0 0.5 p1 315 10
171 13210 m1 35404 0 0.5 p1 327 3
2 14202 m1 54569 0 0.5 p1 352 14
71 16083 m1 38434 0 0.5 p1 399 8
10 18967 m1 138066 0 0.5 p1 472 7
0 19984 m1 22550 0 0.5 p1 499 15
9 20621 m1 131721 0 0.5 p1 513 10
172 21156 m1 40080 0 0.5 p1 528 3
60 21880 m1 123593 0 0.5 p1 544 2
39 24668 m1 132659 0 0.5 p1 615 6
35 25785 m1 88227 0 0.5 p1 642 21
57 28519 m1 64645 0 0.5 p1 711 5
131 29722 m1 21686 0 0.5 p1 742 2
12 32071 m1 148794 0 0.5 p1 802 18
25 32270 m1 97629 0 0.5 p1 806 16
18 33041 m1 3857 0 0.5 p1 825 35
191 33812 m1 122316 0 0.5 p1 845 1
160 33856 m1 57363 0 0.5 p1 846 2
42 35642 m1 91676 0 0.5 p1 892 12
75 37295 m1 128818 0 0.5 p1 936 9
65 38866 m1 115439 0 0.5 p1 977 5
133 40157 m1 56680 0 0.5 p1 1010 3
73 41679 m1 46998 0 0.5 p1 1049 6
87 42987 m1 125844 0 0.5 p1 1082 10
37 43912 m1 120683 0 0.5 p1 1106 15
115 44342 m1 14059 0 0.5 p1 1116 10
81 44706 m1 91113 0 0.5 p1 1125 7
201 45200 m1 130629 0 0.5 p1 1138 1
72 45766 m1 41668 0 0.5 p1 1151 8
23 46911 m1 65077 0 0.5 p1 1180 6
1 47233 m1 31604 0 0.5 p1 1189 10
103 52056 m1 50760 0 0.5 p1 1308 1
77 52709 m1 154329 0 0.5 p1 1324 9
29 53721 m1 3637 0 0.5 p1 1349 8
28 53892 m1 3565 0 0.5 p1 1353 8
8 55199 m1 41719 0 0.5 p1 1385 11
142 60307 m1 159602 0 0.5 p1 1511 3
203 61554 m1 193657 0 0.5 p1 1541 1
63 65066 m1 99736 0 0.5 p1 1629 5
106 68517 m1 90623 0 0.5 p1 1715 1
200 68582 m1 84500 0 0.5 p1 1717 1
50 70249 m1 182268 0 0.5 p1 1759 12
61 70409 m1 153700 0 0.5 p1 1763 18
199 70565 m1 81651 0 0.5 p1 1768 1
24 74203 m1 78886 0 0.5 p1 1857 15
80 76593 m1 74697 0 0.5 p1 1917 10
7 77232 m1 32060 0 0.5 p1 1933 11
82 77454 m1 101264 0 0.5 p1 1938 7
74 77615 m1 116118 0 0.5 p1 1943 9
159 79040 m1 47489 0 0.5 p1 1977 2
193 80863 m1 166214 0 0.5 p1 2021 1
107 83680 m1 91403 0 0.5 p1 2093 1
105 87202 m1 81427 0 0.5 p1 2182 1
64 88859 m1 100168 0 0.5 p1 2223 5
6 89798 m1 27363 0 0.5 p1 2245 18
27 90772 m1 153310 0 0.5 p1 2269 2
83 91341 m1 3772 0 0.5 p1 2284 3
21 91525 m1 21886 0 0.5 p1 2288 35
129 92695 m1 167348 0 0.5 p1 2318 3
58 96320 m1 82747 0 0.5 p1 2406 5
143 96749 m1 180909 0 0.5 p1 2417 3
150 99032 m1 189196 0 0.5 p1 2474 4
44 100326 m1 160674 0 0.5 p1 2508 11
137 101113 m1 173121 0 0.5 p1 2528 7
192 102697 m1 145083 0 0.5 p1 2567 1
123 102745 m1 131385 0 0.5 p1 2568 2
76 102959 m1 133288 0 0.5 p1 2573 11
11 104299 m1 145032 0 0.5 p1 2606 5
204 104904 m1 198392 0 0.5 p1 2621 1
116 107172 m1 35454 0 0.5 p1 2678 10
46 107448 m1 20734 0 0.5 p1 2685 3
98 108162 m1 159229 0 0.5 p1 2704 3
15 109134 m1 189518 0 0.5 p1 2729 13
85 109916 m1 19704 0 0.5 p1 2748 4
114 110030 m1 13790 0 0.5 p1 2751 10
26 110377 m1 152618 0 0.5 p1 2760 2
45 110581 m1 194575 0 0.5 p1 2765 7
202 111993 m1 187721 0 0.5 p1 2801 1
31 112470 m1 39099 0 0.5 p1 2813 7
181 113419 m1 98308 0 0.5 p1 2837 1
38 115549 m1 129372 0 0.5 p1 2888 9
179 117591 m1 76875 0 0.5 p1 2940 1
189 117607 m1 54987 0 0.5 p1 2940 1
161 120706 m1 59777 0 0.5 p1 3020 2
4 120762 m1 142967 0 0.5 p1 3021 7
89 122679 m1 171194 0 0.5 p1 3070 5
53 122979 m1 123 0 0.5 p1 3078 5
214 123604 m1 120507 0 0.5 p1 3092 1
41 124113 m1 65052 0 0.5 p1 3105 11
22 124398 m1 37740 0 0.5 p1 3112 19
48 126466 m1 159846 0 0.5 p1 3161 3
36 130174 m1 118484 0 0.5 p1 3251 4
164 130399 m1 178913 0 0.5 p1 3257 3
213 131560 m1 103160 0 0.5 p1 3286 1
43 132176 m1 98241 0 0.5 p1 3301 10
40 132951 m1 54797 0 0.5 p1 3320 20
175 133648 m1 120023 0 0.5 p1 3337 4
183 133826 m1 95912 0 0.5 p1 3341 2
47 133885 m1 75510 0 0.5 p1 3343 16
207 134393 m1 162477 0 0.5 p1 3356 1
92 137313 m1 47175 0 0.5 p1 3426 3
145 137720 m1 62679 0 0.5 p1 3436 1
14 139669 m1 153968 0 0.5 p1 3484 4
177 140139 m1 164734 0 0.5 p1 3496 2
162 140952 m1 166763 0 0.5 p1 3517 2
95 141300 m1 147182 0 0.5 p1 3526 2
120 142571 m1 144417 0 0.5 p1 3558 2
34 143527 m1 72426 0 0.5 p1 3582 4
111 143721 m1 5482 0 0.5 p1 3586 3
99 145827 m1 182625 0 0.5 p1 3639 3
5 146192 m1 181352 0 0.5 p1 3648 10
212 146295 m1 72069 0 0.5 p1 3651 1
147 147413 m1 135861 0 0.5 p1 3680 1
84 149281 m1 8322 0 0.5 p1 3727 4
174 149429 m1 71837 0 0.5 p1 3732 4
3 149512 m1 81694 0 0.5 p1 3734 6
163 149690 m1 171303 0 0.5 p1 3738 2
180 151624 m1 81849 0 0.5 p1 3786 1
215 152217 m1 177480 0 0.5 p1 3802 1
59 152271 m1 105956 0 0.5 p1 3803 8
148 157345 m1 179942 0 0.5 p1 3927 5
210 157445 m1 67194 0 0.5 p1 3930 1
112 157496 m1 90585 0 0.5 p1 3931 3
104 157885 m1 59383 0 0.5 p1 3941 1
149 158744 m1 183370 0 0.5 p1 3963 5
91 161184 m1 44216 0 0.5 p1 4023 3
102 162128 m1 36464 0 0.5 p1 4048 6
97 162259 m1 43530 0 0.5 p1 4051 3
119 163862 m1 142562 0 0.5 p1 4093 2
156 164441 m1 2291 0 0.5 p1 4108 1
173 165661 m1 42804 0 0.5 p1 4138 3
130 166684 m1 5745 0 0.5 p1 4163 2
49 166906 m1 166376 0 0.5 p1 4170 3
56 168337 m1 53069 0 0.5 p1 4203 5
55 168962 m1 44053 0 0.5 p1 4219 5
151 170568 m1 92702 0 0.5 p1 4260 2
194 171156 m1 178940 0 0.5 p1 4274 1
20 171183 m1 7473 0 0.5 p1 4275 1
100 171593 m1 197843 0 0.5 p1 4286 3
158 171815 m1 150931 0 0.5 p1 4291 1
108 173616 m1 110861 0 0.5 p1 4340 1
16 173633 m1 118 0 0.5 p1 4340 1
157 174090 m1 155505 0 0.5 p1 4351 2
127 174178 m1 139293 0 0.5 p1 4353 3
178 174914 m1 19172 0 0.5 p1 4372 2
33 175107 m1 72182 0 0.5 p1 4376 2
195 175911 m1 198950 0 0.5 p1 4397 1
96 176025 m1 30092 0 0.5 p1 4399 3
186 176631 m1 172668 0 0.5 p1 4413 2
67 177679 m1 145904 0 0.5 p1 4439 2
138 178225 m1 143982 0 0.5 p1 4452 4
79 178438 m1 22048 0 0.5 p1 4457 3
69 178972 m1 10042 0 0.5 p1 4471 1
19 179989 m1 6292 0 0.5 p1 4497 1
205 180410 m1 29342 0 0.5 p1 4507 1
176 182184 m1 150639 0 0.5 p1 4551 1
166 182253 m1 85481 0 0.5 p1 4553 1
113 182751 m1 92342 0 0.5 p1 4565 3
68 184018 m1 8119 0 0.5 p1 4597 3
134 184720 m1 135069 0 0.5 p1 4614 1
188 185273 m1 19666 0 0.5 p1 4627 1
144 185699 m1 53450 0 0.5 p1 4639 1
70 185771 m1 193740 0 0.5 p1 4641 1
126 185896 m1 135325 0 0.5 p1 4644 3
169 185903 m1 41110 0 0.5 p1 4644 1
101 186085 m1 23904 0 0.5 p1 4649 3
135 186595 m1 169143 0 0.5 p1 4662 1
197 187020 m1 26617 0 0.5 p1 4672 1
121 187109 m1 97799 0 0.5 p1 4674 1
109 187614 m1 173014 0 0.5 p1 4688 2
165 188231 m1 9478 0 0.5 p1 4704 1
155 188304 m1 122754 0 0.5 p1 4705 2
78 188880 m1 7358 0 0.5 p1 4719 3
128 189456 m1 145785 0 0.5 p1 4733 3
125 189517 m1 98320 0 0.5 p1 4734 3
187 189900 m1 181716 0 0.5 p1 4744 2
136 190099 m1 33865 0 0.5 p1 4749 1
208 190231 m1 182280 0 0.5 p1 4752 1
154 191099 m1 95661 0 0.5 p1 4774 2
62 191251 m1 42450 0 0.5 p1 4777 2
51 191859 m1 185970 0 0.5 p1 4792 3
153 192094 m1 130128 0 0.5 p1 4798 1
167 192690 m1 27230 0 0.5 p1 4813 1
211 193201 m1 70141 0 0.5 p1 4826 1
93 193221 m1 51908 0 0.5 p1 4827 2
90 193311 m1 8060 0 0.5 p1 4829 2
196 194433 m1 192543 0 0.5 p1 4857 1
206 194509 m1 126325 0 0.5 p1 4859 1
185 194828 m1 64404 0 0.5 p1 4866 1
146 194929 m1 86245 0 0.5 p1 4869 1
184 195197 m1 160865 0 0.5 p1 4874 1
139 195202 m1 178504 0 0.5 p1 4875 1
30 195326 m1 13142 0 0.5 p1 4878 1
190 195666 m1 91185 0 0.5 p1 4886 1
32 196059 m1 76313 0 0.5 p1 4896 1
13 196849 m1 152509 0 0.5 p1 4916 2
170 196919 m1 85905 0 0.5 p1 4918 1
52 197058 m1 139305 0 0.5 p1 4921 2
141 197526 m1 131066 0 0.5 p1 4933 1
198 197702 m1 179194 0 0.5 p1 4938 1
140 198014 m1 78456 0 0.5 p1 4946 1
152 198087 m1 197448 0 0.5 p1 4948 1
66 199146 m1 143907 0 0.5 p1 4975 1
117 199392 m1 116802 0 0.5 p1 4981 1
122 200120 m1 124243 0 0.5 p1 4999 1
110 200137 m1 188776 0 0.5 p1 4999 1
132 200143 m1 33901 0 0.5 p1 4999 1
182 200167 m1 103914 0 0.5 p1 5000 1
209 200187 m1 4694 0 0.5 p1 5000 1
86 200190 m2 100000 0.0199999996 0.5 p1 5000 11
54 200729 m1 1449 0 0.5 p1 5014 1
118 200792 m1 118370 0 0.5 p1 5015 2
216 200895 m1 54550 0 0.5 p1 5018 1
124 201075 m1 154638 0 0.5 p1 5022 1
168 201177 m1 124856 0 0.5 p1 5025 1
94 201197 m1 64831 0 0.5 p1 5025 1
Genomes:
p1:0 A 0 1 2 3 4 5
p1:1 A 6 7 8 9 10 11 12 13 14 15
p1:2 A 16 17 18 19 20 21 22 23 24 25 26 27
p1:3 A 28 29 30 6 31 32 24 25 15
p1:4 A 17 18 21 33 34 35 36 37 38 9 39 15
p1:5 A 17 18 21 22 40 41 42 43 12 44 45
p1:6 A 46 47 35 37 48 49 50 51
p1:7 A 46 47 35 37 48 49 50 51
p1:8 A 17 18 21 22 40 41 42 43 52 12 44 45
p1:9 A 53 54 55 56 57 58 35 59 60 61
p1:10 A 17 18 21 22 62 63 64 65 66 67 61
p1:11 A 53 68 55 56 57 58 35 59 12 44 45
p1:12 A 17 18 69 21 34 35 36 37 38 5 70
p1:13 A 71 72 73 74 75 76 77 15
p1:14 A 17 18 78 21 79 2 80 81 82 38
p1:15 A 83 84 85 0 22 40 41 42 43 12 44
p1:16 A 17 18 21 22 63 64 65 48 49 50 51
p1:17 A 83 84 85 0 1 40 86 87 88 89
p1:18 A 90 71 72 91 92 93 94 47 35 95 15
p1:19 A 0 96 1 97 2 3 4 98 99 100
p1:20 A 101 102 47 35 86 61
p1:21 A 84 85 0 1 103 2 104 105 106 107 108 39 61 109
p1:22 A 0 96 1 97 2 3 4 98 99 110 100
p1:23 A 111 0 71 72 73 112 113 87 88 89
p1:24 A 114 115 116 40 86 117 87 88
p1:25 A 0 1 2 3 118 4 5
p1:26 A 17 18 21 2 80 81 82 119 120
p1:27 A 53 68 55 56 57 58 35 59 12 44 45
p1:28 A 6 7 8 121 122 123 15
p1:29 A 101 102 47 35 61
p1:30 A 114 115 116 40 87 88 124
p1:31 A 114 115 116 40 87 88
p1:32 A 6 7 8 47 35 125 37 126 127 128 129
p1:33 A 17 130 131 132 133 80 59 134 135 15
p1:34 A 136 71 72 73 74 75 76 77 137
p1:35 A 0 1 2 3 118 4 5
p1:36 A 17 18 21 74 75 76 77 137
p1:37 A 28 29 6 31 24 25 138 61 139
p1:38 A 28 29 6 31 140 24 25 75 76 77 137
p1:39 A 17 18 21 22 62 63 64 65 67 61
p1:40 A 114 115 116 40 87 88
p1:41 A 102 47 35 141 9 10 12 142
p1:42 A 17 18 21 74 75 76 77 143
p1:43 A 6 7 8 47 35 125 37 126 127 128 129
p1:44 A 28 29 6 7 8 144 145 24 146 25 86 9 147 10 12 142 143
p1:45 A 102 47 74 75 76 148 50 149 150
p1:46 A 17 18 21 86 74 75 76 77 137
p1:47 A 111 0 71 72 73 112 113 87 88 89
p1:48 A 17 18 21 22 23 24 151 25 4 5 152
p1:49 A 102 47 74 75 76 148 50 149 150
p1:50 A 17 18 78 21 79 2 80 81 82 38
p1:51 A 28 29 6 31 24 25 138 61
p1:52 A 111 0 71 72 73 112 113 87 88 89
p1:53 A 17 18 21 2 80 81 82 153 119 120
p1:54 A 17 18 21 22 154 63 64 65 155 61
p1:55 A 0 96 1 97 2 3 4 98 99 100
p1:56 A 156 114 115 116 40 74 76 77 157 137
p1:57 A 53 68 55 56 57 58 35 59 12 44 45
p1:58 A 17 18 21 22 23 24 151 25 158 26 27 137
p1:59 A 159 160 161 86 9 10 11 12 14 162 163 50
p1:60 A 0 1 91 92 47 9 39 164
p1:61 A 17 18 165 21 22 166 25 87 88 148 50 149 150
p1:62 A 53 167 55 56 57 58 35 59 60 39 61 109
p1:63 A 6 7 8 9 10 11 12 13 14 15
p1:64 A 6 7 8 47 35 125 37 168 126 127 128 129
p1:65 A 17 18 21 22 169 40 41 170 42 43 12 44
p1:66 A 17 18 21 171 172 173 23 174 24 25 175 37 148 50 149 150
p1:67 A 17 18 21 171 172 173 23 174 24 25 86 175 37 176 177 164
p1:68 A 114 115 178 116 40 41 179 180 42 181 36 37 38 50
p1:69 A 17 18 78 21 79 2 80 81 82 38
p1:70 A 90 71 72 91 92 93 47 35 86 182 95 15
p1:71 A 6 7 8 183 59 15
p1:72 A 6 7 8 9 10 11 12 14 162 163 50
p1:73 A 17 18 21 22 159 160 161 174 24 25 175 37 142 184 143
p1:74 A 17 18 21 22 40 41 42 43 86 12 44 45
p1:75 A 28 29 6 31 24 25 138 61
p1:76 A 71 72 73 74 75 76 77 15
p1:77 A 6 7 8 185 9 10 11 12 5
p1:78 A 17 18 21 2 80 81 82 38 186 5 187
p1:79 A 17 18 21 2 80 81 82 38 186 5 187
p1:80 A 17 18 21 47 35
p1:81 A 17 18 188 21 189 190 191 39 192 193
p1:82 A 114 115 116 40 41 42 43 61 194 5
p1:83 A 17 18 21 22 154 63 64 65 155 61
p1:84 A 17 18 21 171 172 173 23 174 24 25 175 37 177 164 195
p1:85 A 83 84 85 0 22 40 41 42 43 12 44
p1:86 A 46 47 35 37 76 77 157 137 196
p1:87 A 114 115 178 197 116 40 41 42 43 61 5
p1:88 A 101 102 47 35 61 198
p1:89 A 17 18 21 33 34 35 36 37 38 9 39 15
p1:90 A 114 115 116 40 87 88
p1:91 A 28 29 6 31 24 25 61
p1:92 A 17 18 21 22 40 34 199 200 201 202 203 204
p1:93 A 17 18 21 22 40 41 42 43 12 44
p1:94 A 6 205 7 8 183 86 59 15
p1:95 A 0 1 133 80 206 207 50 208
p1:96 A 17 18 209 21 22 40 41 42 43 86 52 12 44 45
p1:97 A 28 29 6 31 24 25 138 61
p1:98 A 114 115 116 40 210 211 212 42 213 214 123 215
p1:99 A 17 130 131 216 133 80 37 61 89 148 50 149
