#OUT: 5040 5040 SS p1 100 ./slim_s2/t_40.txt
Mutations:
0 4796 m1 2036 0 0.5 p1 118 35
100 12709 m1 126533 0 0.5 p1 315 10
3 13210 m1 35404 0 0.5 p1 327 10
75 14202 m1 54569 0 0.5 p1 352 16
58 16083 m1 38434 0 0.5 p1 399 6
96 18967 m1 138066 0 0.5 p1 472 8
71 19984 m1 22550 0 0.5 p1 499 17
95 20621 m1 131721 0 0.5 p1 513 9
4 21156 m1 40080 0 0.5 p1 528 10
125 21880 m1 123593 0 0.5 p1 544 2
126 24668 m1 132659 0 0.5 p1 615 8
24 25785 m1 88227 0 0.5 p1 642 19
22 28519 m1 64645 0 0.5 p1 711 4
144 29722 m1 21686 0 0.5 p1 742 5
27 32071 m1 148794 0 0.5 p1 802 21
9 32270 m1 97629 0 0.5 p1 806 17
1 33041 m1 3857 0 0.5 p1 825 32
136 33812 m1 122316 0 0.5 p1 845 3
89 33856 m1 57363 0 0.5 p1 846 6
45 35642 m1 91676 0 0.5 p1 892 13
11 37295 m1 128818 0 0.5 p1 936 7
87 37732 m1 188581 0 0.5 p1 949 2
170 38866 m1 115439 0 0.5 p1 977 3
145 40157 m1 56680 0 0.5 p1 1010 5
61 41679 m1 46998 0 0.5 p1 1049 4
99 42987 m1 125844 0 0.5 p1 1082 10
36 43912 m1 120683 0 0.5 p1 1106 12
17 44342 m1 14059 0 0.5 p1 1116 12
106 44706 m1 91113 0 0.5 p1 1125 3
60 45766 m1 41668 0 0.5 p1 1151 6
6 46911 m1 65077 0 0.5 p1 1180 12
73 47233 m1 31604 0 0.5 p1 1189 13
183 52056 m1 50760 0 0.5 p1 1308 2
13 52709 m1 154329 0 0.5 p1 1324 7
68 53721 m1 3637 0 0.5 p1 1349 5
67 53892 m1 3565 0 0.5 p1 1353 5
51 55199 m1 41719 0 0.5 p1 1385 4
91 60307 m1 159602 0 0.5 p1 1511 4
162 65066 m1 99736 0 0.5 p1 1629 4
186 68517 m1 90623 0 0.5 p1 1715 2
38 70249 m1 182268 0 0.5 p1 1759 13
34 70409 m1 153700 0 0.5 p1 1763 20
8 74203 m1 78886 0 0.5 p1 1857 19
105 76593 m1 74697 0 0.5 p1 1917 8
50 77232 m1 32060 0 0.5 p1 1933 4
196 77358 m1 126797 0 0.5 p1 1936 1
107 77454 m1 101264 0 0.5 p1 1938 3
10 77615 m1 116118 0 0.5 p1 1943 8
88 79040 m1 47489 0 0.5 p1 1977 6
165 80863 m1 166214 0 0.5 p1 2021 3
198 81993 m1 134315 0 0.5 p1 2050 1
187 83680 m1 91403 0 0.5 p1 2093 2
185 87202 m1 81427 0 0.5 p1 2182 2
163 88859 m1 100168 0 0.5 p1 2223 4
49 89798 m1 27363 0 0.5 p1 2245 9
86 90772 m1 153310 0 0.5 p1 2269 1
180 91341 m1 3772 0 0.5 p1 2284 2
2 91525 m1 21886 0 0.5 p1 2288 33
23 96320 m1 82747 0 0.5 p1 2406 4
93 96749 m1 180909 0 0.5 p1 2417 2
40 99032 m1 189196 0 0.5 p1 2474 4
28 100326 m1 160674 0 0.5 p1 2508 13
14 101113 m1 173121 0 0.5 p1 2528 7
164 102697 m1 145083 0 0.5 p1 2567 3
114 102745 m1 131385 0 0.5 p1 2568 3
12 102959 m1 133288 0 0.5 p1 2573 8
127 104299 m1 145032 0 0.5 p1 2606 6
19 107172 m1 35454 0 0.5 p1 2678 12
54 107448 m1 20734 0 0.5 p1 2685 3
150 108162 m1 159229 0 0.5 p1 2704 2
167 109134 m1 189518 0 0.5 p1 2729 3
182 109916 m1 19704 0 0.5 p1 2748 2
16 110030 m1 13790 0 0.5 p1 2751 12
85 110377 m1 152618 0 0.5 p1 2760 1
29 110581 m1 194575 0 0.5 p1 2765 9
69 112470 m1 39099 0 0.5 p1 2813 5
77 113419 m1 98308 0 0.5 p1 2837 1
108 115549 m1 129372 0 0.5 p1 2888 1
98 117607 m1 54987 0 0.5 p1 2940 3
161 119079 m1 88906 0 0.5 p1 2977 1
90 120706 m1 59777 0 0.5 p1 3020 6
52 120762 m1 142967 0 0.5 p1 3021 12
147 122679 m1 171194 0 0.5 p1 3070 1
55 122979 m1 123 0 0.5 p1 3078 3
113 123604 m1 120507 0 0.5 p1 3092 3
44 124113 m1 65052 0 0.5 p1 3105 10
42 124398 m1 37740 0 0.5 p1 3112 17
78 126466 m1 159846 0 0.5 p1 3161 3
159 127277 m1 49534 0 0.5 p1 3180 1
160 127827 m1 84846 0 0.5 p1 3194 1
65 130399 m1 178913 0 0.5 p1 3257 5
112 131560 m1 103160 0 0.5 p1 3286 3
46 132176 m1 98241 0 0.5 p1 3301 10
43 132951 m1 54797 0 0.5 p1 3320 20
35 133648 m1 120023 0 0.5 p1 3337 8
32 133885 m1 75510 0 0.5 p1 3343 15
134 137313 m1 47175 0 0.5 p1 3426 2
197 138129 m1 133580 0 0.5 p1 3446 1
128 139669 m1 153968 0 0.5 p1 3484 5
64 140139 m1 164734 0 0.5 p1 3496 5
129 140952 m1 166763 0 0.5 p1 3517 5
166 141300 m1 147182 0 0.5 p1 3526 1
177 142571 m1 144417 0 0.5 p1 3558 2
206 143721 m1 5482 0 0.5 p1 3586 1
151 145827 m1 182625 0 0.5 p1 3639 2
53 146192 m1 181352 0 0.5 p1 3648 12
111 146295 m1 72069 0 0.5 p1 3651 3
148 149076 m1 29451 0 0.5 p1 3722 2
181 149281 m1 8322 0 0.5 p1 3727 2
7 149429 m1 71837 0 0.5 p1 3732 10
76 149512 m1 81694 0 0.5 p1 3734 11
130 149690 m1 171303 0 0.5 p1 3738 5
115 152217 m1 177480 0 0.5 p1 3802 2
25 152271 m1 105956 0 0.5 p1 3803 8
149 153270 m1 105039 0 0.5 p1 3828 2
62 156756 m1 53630 0 0.5 p1 3913 2
37 157345 m1 179942 0 0.5 p1 3927 5
109 157445 m1 67194 0 0.5 p1 3930 3
208 157496 m1 90585 0 0.5 p1 3931 1
171 157758 m1 117226 0 0.5 p1 3938 2
184 157885 m1 59383 0 0.5 p1 3941 2
39 158744 m1 183370 0 0.5 p1 3963 5
133 161184 m1 44216 0 0.5 p1 4023 2
31 162128 m1 36464 0 0.5 p1 4048 9
74 162259 m1 43530 0 0.5 p1 4051 2
176 163862 m1 142562 0 0.5 p1 4093 2
15 164441 m1 2291 0 0.5 p1 4108 2
207 165628 m1 7465 0 0.5 p1 4137 1
5 165661 m1 42804 0 0.5 p1 4138 8
143 166684 m1 5745 0 0.5 p1 4163 3
137 166906 m1 166376 0 0.5 p1 4170 2
20 168337 m1 53069 0 0.5 p1 4203 4
57 168962 m1 44053 0 0.5 p1 4219 3
82 170568 m1 92702 0 0.5 p1 4260 2
152 171593 m1 197843 0 0.5 p1 4286 1
84 171815 m1 150931 0 0.5 p1 4291 1
59 172997 m1 41102 0 0.5 p1 4322 2
188 173616 m1 110861 0 0.5 p1 4340 2
172 174090 m1 155505 0 0.5 p1 4351 1
203 174914 m1 19172 0 0.5 p1 4372 1
66 175911 m1 198950 0 0.5 p1 4397 4
72 176025 m1 30092 0 0.5 p1 4399 2
154 176604 m1 181414 0 0.5 p1 4413 2
191 177072 m1 114644 0 0.5 p1 4424 1
70 178225 m1 143982 0 0.5 p1 4452 2
104 178438 m1 22048 0 0.5 p1 4457 2
41 180717 m1 33156 0 0.5 p1 4515 3
47 181294 m1 191956 0 0.5 p1 4530 3
119 182253 m1 85481 0 0.5 p1 4553 1
101 182988 m1 7683 0 0.5 p1 4571 3
48 183401 m1 12714 0 0.5 p1 4582 2
117 183809 m1 181716 0 0.5 p1 4592 3
56 184018 m1 8119 0 0.5 p1 4597 2
83 184527 m1 126416 0 0.5 p1 4608 1
140 184538 m1 46323 0 0.5 p1 4609 1
199 184720 m1 135069 0 0.5 p1 4614 2
116 185265 m1 17867 0 0.5 p1 4627 3
168 185273 m1 19666 0 0.5 p1 4627 1
156 185903 m1 41110 0 0.5 p1 4644 2
30 186085 m1 23904 0 0.5 p1 4649 6
139 186463 m1 20190 0 0.5 p1 4659 1
200 186595 m1 169143 0 0.5 p1 4662 2
26 186751 m1 146881 0 0.5 p1 4666 2
204 187020 m1 26617 0 0.5 p1 4672 1
102 187614 m1 173014 0 0.5 p1 4688 6
118 188231 m1 9478 0 0.5 p1 4704 1
174 188304 m1 122754 0 0.5 p1 4705 2
103 188880 m1 7358 0 0.5 p1 4719 1
190 189570 m1 109303 0 0.5 p1 4736 1
209 190562 m1 144983 0 0.5 p1 4760 1
173 191099 m1 95661 0 0.5 p1 4774 1
122 191662 m1 195679 0 0.5 p1 4788 3
138 191859 m1 185970 0 0.5 p1 4792 2
175 192094 m1 130128 0 0.5 p1 4798 1
201 192268 m1 107463 0 0.5 p1 4802 1
18 192307 m1 20332 0 0.5 p1 4803 1
123 192690 m1 27230 0 0.5 p1 4813 1
192 193068 m1 51097 0 0.5 p1 4822 1
110 193201 m1 70141 0 0.5 p1 4826 1
135 193221 m1 51908 0 0.5 p1 4827 2
132 193311 m1 8060 0 0.5 p1 4829 2
146 193449 m1 91896 0 0.5 p1 4832 1
158 193784 m1 112719 0 0.5 p1 4841 2
193 194397 m1 4487 0 0.5 p1 4856 1
169 194828 m1 64404 0 0.5 p1 4866 1
92 195197 m1 160865 0 0.5 p1 4874 2
202 195275 m1 130632 0 0.5 p1 4877 1
79 195337 m1 55855 0 0.5 p1 4878 1
142 195735 m1 153028 0 0.5 p1 4888 1
121 196564 m1 96166 0 0.5 p1 4909 3
178 197031 m1 185303 0 0.5 p1 4921 1
21 197323 m1 57583 0 0.5 p1 4928 1
94 197526 m1 131066 0 0.5 p1 4933 2
80 197646 m1 27296 0 0.5 p1 4937 1
97 197744 m1 26455 0 0.5 p1 4939 1
141 198087 m1 197448 0 0.5 p1 4948 2
195 198638 m1 107494 0 0.5 p1 4961 1
179 198809 m1 107253 0 0.5 p1 4966 1
205 199089 m1 197164 0 0.5 p1 4973 1
124 199231 m1 76315 0 0.5 p1 4977 1
153 199392 m1 116802 0 0.5 p1 4981 1
194 199772 m1 17645 0 0.5 p1 4990 1
63 199827 m1 59883 0 0.5 p1 4991 1
33 200190 m2 100000 0.0199999996 0.5 p1 5000 16
155 200592 m1 44091 0 0.5 p1 5010 1
81 200608 m1 65710 0 0.5 p1 5011 1
131 200689 m1 169838 0 0.5 p1 5013 1
157 201206 m1 32320 0 0.5 p1 5026 1
120 201393 m1 26458 0 0.5 p1 5030 1
189 201436 m1 165665 0 0.5 p1 5031 1
210 201577 m1 177925 0 0.5 p1 5035 1
Genomes:
p1:0 A 0 1 2 3 4 5 6 7 8 9 10 11 12 13 14
p1:1 A 15 16 17 18 19 20 21 22 23 24 25 26 27 28 29
p1:2 A 30 31 32 24 33 34
p1:3 A 0 1 2 3 4 5 6 7 8 9 35 36 37 38 39 40
p1:4 A 0 1 2 41 42 43 44 45 46 27 28 47 29
p1:5 A 48 49 50 51 33 52 53
p1:6 A 54 32 10 11 12 13 14
p1:7 A 55 56 57 20 22 23 24 25 27 28 29
p1:8 A 58 59 60 61 62 63 10 11 12 13 14
p1:9 A 0 1 2 3 4 5 6 7 8 9 35 36 64 65 66
p1:10 A 67 68 49 69 8 9 70 34
p1:11 A 71 72 73 74 75 76 77 33 36 78
p1:12 A 71 73 75 79 76 52 53
p1:13 A 0 1 2 80 42 6 81 8 82 9 83 84 85 86 87
p1:14 A 0 1 2 42 88 89 90 7 8 9 35 36 91 92 93
p1:15 A 31 32 24 94 95 96 27 91
p1:16 A 0 1 2 42 43 44 45 46 27 28
p1:17 A 0 1 2 97 98 99 100 37 38 39 40
p1:18 A 101 71 73 75 76 52 102
p1:19 A 0 1 103 2 104 75 105 106 107 108
p1:20 A 16 17 19 43 109 110 111 45 112 113 114 115
p1:21 A 116 71 73 75 76 52 53 117
p1:22 A 0 1 118 2 42 119 9 99 100 37 38 39 40
p1:23 A 16 17 120 19 43 121 99 100 122
p1:24 A 55 123 57 20 22 124 23 24 25 125 126 34 102
p1:25 A 49 50 51 33 95 96 127 27 128 129 130 38
p1:26 A 67 68 49 69 8 9 70 34 131
p1:27 A 132 58 60 133 134 135 136 95 126 65
p1:28 A 16 17 19 43 99 100
p1:29 A 54 32 24 36 78 137 38 138
p1:30 A 139 71 73 140 75 76 52 53
p1:31 A 71 73 75 76 52 53 141
p1:32 A 101 71 73 75 76 25 125 126 34 102
p1:33 A 0 1 2 3 4 5 6 7 8 9 10 11 12 13 14
p1:34 A 31 32 24 142 37 38 39 40
p1:35 A 0 143 144 145 105 146 36 34 147 37 38 39
p1:36 A 88 89 90 95 96 127 27 128 129 130 38
p1:37 A 0 1 2 41 42 43 44 45 46 27 28 47 29
p1:38 A 144 148 145 105 149 34
p1:39 A 71 72 73 74 75 76 52 150 151 152
p1:40 A 0 1 2 32 24
p1:41 A 16 17 19 43 33 153 99 100
p1:42 A 48 49 50 51 52 53 154
p1:43 A 67 68 49 69 155 8 9 11 12 13 14
p1:44 A 0 1 2 42 156 43 44 45 46 27 28
p1:45 A 116 71 73 157 75 76 158 52 53 117
p1:46 A 71 159 160 161 162 163 136 126 164 165 29
p1:47 A 16 17 19 43 99 100
p1:48 A 132 58 60 133 134 135 32 24 166 167
p1:49 A 0 1 2 42 6 8 82 9 52 53 141
p1:50 A 0 1 2 3 4 5 6 7 8 9 35 36 64 65 66
p1:51 A 30 31 32 24 34
p1:52 A 0 1 168 2 98 136 126 164 165
p1:53 A 54 32 24 36 78 137 38 138
p1:54 A 0 1 2 42 43 44 45 46 27 28
p1:55 A 30 31 32 24 34
p1:56 A 116 71 73 75 76 158 52 53 117
p1:57 A 49 69 8 24 25 26 27 28 29
p1:58 A 49 50 51 169 95 96 127 27 53
p1:59 A 0 1 2 42 162 163 170 34
p1:60 A 67 68 71 3 4 6 8 10 171 11 12 102
p1:61 A 15 16 17 19 43 10 12 13 172 14
p1:62 A 0 1 2 42 173 162 163 170 174 34 38
p1:63 A 0 1 2 75 105 106 107 175 176 177 178
p1:64 A 144 148 145 105 149 179 34
p1:65 A 0 1 2 75 105 106 33 107 176 177
p1:66 A 180 181 182 71 73 183 75 184 185 186 187 188 126 34 102
p1:67 A 0 1 2 42 88 89 90 7 8 9 35 36 91 92 93
p1:68 A 0 1 2 41 42 43 44 45 46 27 28 47 29
p1:69 A 55 56 57 20 22 23 24 25 27 28 189 29
p1:70 A 30 31 32 24 34
p1:71 A 71 3 4 6 8 190 191 10 171
p1:72 A 30 31 32 24 33 34
p1:73 A 16 17 19 43 109 111 45 33 112 113 114
p1:74 A 0 1 2 42 192 43 44 45 46 33 27 28 29
p1:75 A 0 1 193 194 2 98 33 195 196 197 198 115
p1:76 A 0 143 144 145 105 33 25 199 200 167
p1:77 A 88 89 90 95 96 127 27 128 129 130 38
p1:78 A 58 59 60 61 62 99 100 126 164 165
p1:79 A 16 17 19 43 121 99 100 122
p1:80 A 0 1 2 104 42 162 163 201 170 174 34
p1:81 A 0 143 144 145 105 33 25 199 200 167
p1:82 A 0 1 2 42 43 44 45 46 27 28
p1:83 A 58 60 61 10 11 202 12 13 14
p1:84 A 0 1 2 32 24
p1:85 A 16 17 203 204 19 43 44 45 46 34 53
p1:86 A 101 71 73 75 76 33 52 150 151 205
p1:87 A 206 207 71 58 60 61 208 99 100 209 53 154
p1:88 A 67 68 49 69 8 9 33 34
p1:89 A 0 1 2 3 4 5 6 7 8 9 35 36 64 65 66
p1:90 A 88 89 90 95 96 127 27 128 129 130 210 38
p1:91 A 2 3 4 5 6 7 8 9 35 36 64 87
p1:92 A 88 89 90 95 96 127 27 128 129 130 38
p1:93 A 180 181 182 71 73 183 75 184 185 186 187 188 126 34 102
p1:94 A 31 32 24 33 94 95 96 27 91
p1:95 A 0 1 2 42 156 43 44 45 46 27 28
p1:96 A 16 17 19 43 109 111 45 112 113 114
p1:97 A 16 17 19 43 121 99 100 122
p1:98 A 0 1 2 3 4 5 6 7 8 9 35 36 64 65 66
p1:99 A 30 31 32 24 33 34
