#OUT: 5050 5050 SS p1 100 ./slim_s2/t_50.txt
Mutations:
40 4796 m1 2036 0 0.5 p1 118 35
27 12709 m1 126533 0 0.5 p1 315 10
10 13210 m1 35404 0 0.5 p1 327 5
71 14202 m1 54569 0 0.5 p1 352 14
22 16083 m1 38434 0 0.5 p1 399 14
85 18967 m1 138066 0 0.5 p1 472 6
0 19984 m1 22550 0 0.5 p1 499 22
84 20621 m1 131721 0 0.5 p1 513 10
11 21156 m1 40080 0 0.5 p1 528 5
123 21880 m1 123593 0 0.5 p1 544 3
36 24668 m1 132659 0 0.5 p1 615 12
54 25785 m1 88227 0 0.5 p1 642 16
120 28519 m1 64645 0 0.5 p1 711 4
129 29722 m1 21686 0 0.5 p1 742 4
49 32071 m1 148794 0 0.5 p1 802 17
98 32270 m1 97629 0 0.5 p1 806 8
41 33041 m1 3857 0 0.5 p1 825 31
35 33812 m1 122316 0 0.5 p1 845 2
100 33856 m1 57363 0 0.5 p1 846 4
47 35642 m1 91676 0 0.5 p1 892 14
16 37295 m1 128818 0 0.5 p1 936 11
146 37732 m1 188581 0 0.5 p1 949 1
63 38866 m1 115439 0 0.5 p1 977 7
2 40157 m1 56680 0 0.5 p1 1010 5
24 41679 m1 46998 0 0.5 p1 1049 12
26 42987 m1 125844 0 0.5 p1 1082 10
56 43912 m1 120683 0 0.5 p1 1106 12
160 44342 m1 14059 0 0.5 p1 1116 7
110 44706 m1 91113 0 0.5 p1 1125 3
178 45200 m1 130629 0 0.5 p1 1138 1
23 45766 m1 41668 0 0.5 p1 1151 14
12 46911 m1 65077 0 0.5 p1 1180 6
1 47233 m1 31604 0 0.5 p1 1189 14
70 52056 m1 50760 0 0.5 p1 1308 4
50 52709 m1 154329 0 0.5 p1 1324 13
9 53721 m1 3637 0 0.5 p1 1349 11
8 53892 m1 3565 0 0.5 p1 1353 11
62 55199 m1 41719 0 0.5 p1 1385 4
180 61554 m1 193657 0 0.5 p1 1541 1
33 65066 m1 99736 0 0.5 p1 1629 8
74 68517 m1 90623 0 0.5 p1 1715 4
177 68582 m1 84500 0 0.5 p1 1717 1
6 70249 m1 182268 0 0.5 p1 1759 10
65 70409 m1 153700 0 0.5 p1 1763 25
176 70565 m1 81651 0 0.5 p1 1768 1
13 74203 m1 78886 0 0.5 p1 1857 13
3 76593 m1 74697 0 0.5 p1 1917 8
61 77232 m1 32060 0 0.5 p1 1933 4
186 77358 m1 126797 0 0.5 p1 1936 3
111 77454 m1 101264 0 0.5 p1 1938 3
14 77615 m1 116118 0 0.5 p1 1943 11
99 79040 m1 47489 0 0.5 p1 1977 4
38 80863 m1 166214 0 0.5 p1 2021 3
188 81993 m1 134315 0 0.5 p1 2050 3
75 83680 m1 91403 0 0.5 p1 2093 4
73 87202 m1 81427 0 0.5 p1 2182 4
34 88859 m1 100168 0 0.5 p1 2223 8
60 89798 m1 27363 0 0.5 p1 2245 11
145 90772 m1 153310 0 0.5 p1 2269 1
66 91341 m1 3772 0 0.5 p1 2284 5
42 91525 m1 21886 0 0.5 p1 2288 32
197 92695 m1 167348 0 0.5 p1 2318 1
121 96320 m1 82747 0 0.5 p1 2406 3
214 99032 m1 189196 0 0.5 p1 2474 1
95 100326 m1 160674 0 0.5 p1 2508 10
51 101113 m1 173121 0 0.5 p1 2528 13
37 102697 m1 145083 0 0.5 p1 2567 3
17 102959 m1 133288 0 0.5 p1 2573 14
86 104299 m1 145032 0 0.5 p1 2606 6
181 104904 m1 198392 0 0.5 p1 2621 1
161 107172 m1 35454 0 0.5 p1 2678 8
90 107448 m1 20734 0 0.5 p1 2685 4
210 108162 m1 159229 0 0.5 p1 2704 1
89 109134 m1 189518 0 0.5 p1 2729 9
69 109916 m1 19704 0 0.5 p1 2748 5
159 110030 m1 13790 0 0.5 p1 2751 7
144 110377 m1 152618 0 0.5 p1 2760 1
39 110581 m1 194575 0 0.5 p1 2765 5
179 111993 m1 187721 0 0.5 p1 2801 1
96 112470 m1 39099 0 0.5 p1 2813 7
57 115549 m1 129372 0 0.5 p1 2888 3
136 117591 m1 76875 0 0.5 p1 2940 2
184 117607 m1 54987 0 0.5 p1 2940 2
32 119079 m1 88906 0 0.5 p1 2977 2
101 120706 m1 59777 0 0.5 p1 3020 4
81 120762 m1 142967 0 0.5 p1 3021 5
150 122679 m1 171194 0 0.5 p1 3070 3
116 122979 m1 123 0 0.5 p1 3078 5
46 124113 m1 65052 0 0.5 p1 3105 12
43 124398 m1 37740 0 0.5 p1 3112 17
92 126466 m1 159846 0 0.5 p1 3161 2
30 127277 m1 49534 0 0.5 p1 3180 2
31 127827 m1 84846 0 0.5 p1 3194 2
55 130174 m1 118484 0 0.5 p1 3251 3
156 130399 m1 178913 0 0.5 p1 3257 4
48 132176 m1 98241 0 0.5 p1 3301 13
45 132951 m1 54797 0 0.5 p1 3320 18
154 133648 m1 120023 0 0.5 p1 3337 2
166 133826 m1 95912 0 0.5 p1 3341 1
91 133885 m1 75510 0 0.5 p1 3343 10
5 134393 m1 162477 0 0.5 p1 3356 1
201 137313 m1 47175 0 0.5 p1 3426 3
167 138076 m1 116767 0 0.5 p1 3445 1
187 138129 m1 133580 0 0.5 p1 3446 3
88 139669 m1 153968 0 0.5 p1 3484 6
155 140139 m1 164734 0 0.5 p1 3496 1
104 140952 m1 166763 0 0.5 p1 3517 4
168 141300 m1 147182 0 0.5 p1 3526 3
114 142571 m1 144417 0 0.5 p1 3558 3
53 143527 m1 72426 0 0.5 p1 3582 4
20 143721 m1 5482 0 0.5 p1 3586 4
211 145827 m1 182625 0 0.5 p1 3639 1
58 146192 m1 181352 0 0.5 p1 3648 8
68 149281 m1 8322 0 0.5 p1 3727 5
102 149429 m1 71837 0 0.5 p1 3732 3
78 149512 m1 81694 0 0.5 p1 3734 7
105 149690 m1 171303 0 0.5 p1 3738 4
137 151624 m1 81849 0 0.5 p1 3786 2
189 152217 m1 177480 0 0.5 p1 3802 3
122 152271 m1 105956 0 0.5 p1 3803 6
148 156756 m1 53630 0 0.5 p1 3913 2
151 157345 m1 179942 0 0.5 p1 3927 3
25 157496 m1 90585 0 0.5 p1 3931 4
15 157758 m1 117226 0 0.5 p1 3938 3
72 157885 m1 59383 0 0.5 p1 3941 4
152 158744 m1 183370 0 0.5 p1 3963 3
106 159884 m1 5979 0 0.5 p1 3992 2
200 161184 m1 44216 0 0.5 p1 4023 3
172 162128 m1 36464 0 0.5 p1 4048 1
209 162259 m1 43530 0 0.5 p1 4051 1
113 163862 m1 142562 0 0.5 p1 4093 3
158 164441 m1 2291 0 0.5 p1 4108 1
21 165628 m1 7465 0 0.5 p1 4137 3
153 165661 m1 42804 0 0.5 p1 4138 2
127 166684 m1 5745 0 0.5 p1 4163 4
93 166906 m1 166376 0 0.5 p1 4170 2
119 168337 m1 53069 0 0.5 p1 4203 4
118 168962 m1 44053 0 0.5 p1 4219 4
141 170568 m1 92702 0 0.5 p1 4260 1
135 171176 m1 18052 0 0.5 p1 4275 2
212 171593 m1 197843 0 0.5 p1 4286 1
143 171815 m1 150931 0 0.5 p1 4291 1
147 172997 m1 41102 0 0.5 p1 4322 2
76 173616 m1 110861 0 0.5 p1 4340 4
107 174090 m1 155505 0 0.5 p1 4351 3
195 174178 m1 139293 0 0.5 p1 4353 1
190 175107 m1 72182 0 0.5 p1 4376 2
157 175911 m1 198950 0 0.5 p1 4397 1
208 176025 m1 30092 0 0.5 p1 4399 1
140 176604 m1 181414 0 0.5 p1 4413 3
64 177679 m1 145904 0 0.5 p1 4439 3
109 178225 m1 143982 0 0.5 p1 4452 2
165 178438 m1 22048 0 0.5 p1 4457 1
52 178972 m1 10042 0 0.5 p1 4471 1
173 180717 m1 33156 0 0.5 p1 4515 1
175 181294 m1 191956 0 0.5 p1 4530 1
192 182751 m1 92342 0 0.5 p1 4565 1
206 182988 m1 7683 0 0.5 p1 4571 2
83 183809 m1 181716 0 0.5 p1 4592 2
133 184018 m1 8119 0 0.5 p1 4597 1
142 184527 m1 126416 0 0.5 p1 4608 1
130 184617 m1 27533 0 0.5 p1 4611 1
216 184720 m1 135069 0 0.5 p1 4614 1
77 185265 m1 17867 0 0.5 p1 4627 1
199 185366 m1 76824 0 0.5 p1 4630 1
59 185771 m1 193740 0 0.5 p1 4641 1
194 185896 m1 135325 0 0.5 p1 4644 1
171 186085 m1 23904 0 0.5 p1 4649 1
217 186595 m1 169143 0 0.5 p1 4662 1
213 186751 m1 146881 0 0.5 p1 4666 1
18 187614 m1 173014 0 0.5 p1 4688 9
103 188585 m1 84203 0 0.5 p1 4713 1
139 189284 m1 160355 0 0.5 p1 4729 2
196 189456 m1 145785 0 0.5 p1 4733 1
193 189517 m1 98320 0 0.5 p1 4734 1
7 190231 m1 182280 0 0.5 p1 4752 1
29 190562 m1 144983 0 0.5 p1 4760 3
191 191251 m1 42450 0 0.5 p1 4777 2
162 191588 m1 61216 0 0.5 p1 4786 1
94 191859 m1 185970 0 0.5 p1 4792 2
112 192094 m1 130128 0 0.5 p1 4798 2
117 192690 m1 27230 0 0.5 p1 4813 1
44 193068 m1 51097 0 0.5 p1 4822 1
204 193221 m1 51908 0 0.5 p1 4827 2
202 193311 m1 8060 0 0.5 p1 4829 2
149 193449 m1 91896 0 0.5 p1 4832 1
163 193891 m1 120171 0 0.5 p1 4844 1
182 194397 m1 4487 0 0.5 p1 4856 2
108 194433 m1 192543 0 0.5 p1 4857 2
4 194509 m1 126325 0 0.5 p1 4859 1
164 194588 m1 135778 0 0.5 p1 4860 1
131 195326 m1 13142 0 0.5 p1 4878 2
124 195447 m1 41378 0 0.5 p1 4881 2
132 196059 m1 76313 0 0.5 p1 4896 2
87 196849 m1 152509 0 0.5 p1 4916 2
19 196927 m1 192583 0 0.5 p1 4918 1
134 196978 m1 146184 0 0.5 p1 4919 1
115 197031 m1 185303 0 0.5 p1 4921 1
207 197036 m1 27608 0 0.5 p1 4921 1
185 198638 m1 107494 0 0.5 p1 4961 1
170 199280 m1 18084 0 0.5 p1 4978 1
128 199339 m1 7733 0 0.5 p1 4979 1
183 199772 m1 17645 0 0.5 p1 4990 1
125 199990 m1 45449 0 0.5 p1 4995 2
80 200114 m1 115167 0 0.5 p1 4999 1
82 200115 m1 169942 0 0.5 p1 4999 1
215 200143 m1 33901 0 0.5 p1 4999 1
205 200167 m1 103914 0 0.5 p1 5000 1
79 200190 m2 100000 0.0199999996 0.5 p1 5000 16
138 200257 m1 104292 0 0.5 p1 5002 2
174 200486 m1 135141 0 0.5 p1 5008 1
97 200592 m1 44091 0 0.5 p1 5010 1
198 200942 m1 129811 0 0.5 p1 5019 1
28 201074 m1 144083 0 0.5 p1 5022 2
169 201272 m1 43972 0 0.5 p1 5027 1
67 201725 m1 3952 0 0.5 p1 5039 1
126 202106 m1 7119 0 0.5 p1 5048 1
203 202169 m1 45490 0 0.5 p1 5050 1
Genomes:
p1:0 A 0 1 2 3 4 5 6 7
p1:1 A 8 9 0 10 11 12 13 14 15 16 17 18 19
p1:2 A 20 21 0 22 23 24 25 26 27 28 29
p1:3 A 0 30 31 32 33 34 35 36 37 38 39
p1:4 A 40 41 42 43 44 45 46 47 48 49 50 51
p1:5 A 40 41 52 42 53 54 55 56 57 58 59
p1:6 A 60 61 62 33 34 63 64 65
p1:7 A 66 67 68 69 0 1 70 71 72 73 74 75 76 36 65 18
p1:8 A 77 0 1 71 78 79 80 81 82 58 83
p1:9 A 60 61 62 84 85 86 49 87 88 89
p1:10 A 90 91 54 56 92 93 6 94
p1:11 A 40 41 42 43 45 46 47 48 49 95
p1:12 A 8 9 60 96 97 13 98 16 17 50 51
p1:13 A 40 41 42 43 99 100 101 102 13 103 84 85 86 49 88 104 105 6
p1:14 A 106 90 91 54 79 56 17 50 107 51 108
p1:15 A 8 9 60 96 13 98 109 65
p1:16 A 40 41 42 71 3 110 111 112 113 114 115
p1:17 A 116 117 118 119 120 54 56 92 93 6 94
p1:18 A 22 23 24 79 14 16 17 50 51
p1:19 A 40 41 42 43 33 34 63 65
p1:20 A 90 91 14 16 17 50 51
p1:21 A 8 9 60 96 13 98 79 65
p1:22 A 116 118 119 120 121 54 122 123 65
p1:23 A 0 1 124 125 71 78 65
p1:24 A 99 100 101 84 85 86 49 88 104 105 6
p1:25 A 40 41 126 42 43 33 34 63 65
p1:26 A 40 127 128 129 130 2 3 49 95 39
p1:27 A 8 9 131 60 96 132 13 98 79 89
p1:28 A 116 133 118 119 120 121 54 122 49 95 39
p1:29 A 40 41 42 43 33 34 63 134 65
p1:30 A 116 118 119 120 121 54 122 123 65
p1:31 A 8 9 135 42 43 136 137 47 48 138 65 139 58 140
p1:32 A 40 41 42 43 12 13 141 98 142 143 144 145 146
p1:33 A 0 1 124 125 71 78 65
p1:34 A 22 147 23 24 148 26 27 36 37 38
p1:35 A 40 127 129 2 3 149 56 65 150 151 6 152
p1:36 A 40 41 42 10 11 153 12 102 13 98 154 56 155 156 157
p1:37 A 66 68 69 0 1 70 71 72 73 74 75 76 36 65 18
p1:38 A 158 159 160 161 45 79 14 17 50 107 51
p1:39 A 40 41 42 71 3 110 111 113 114
p1:40 A 30 31 32 33 34 63 156
p1:41 A 22 23 24 79 14 16 17 50 51
p1:42 A 116 161 45 162 46 47 48 163 164 65 58
p1:43 A 20 21 0 22 23 24 25 26 27 28 29
p1:44 A 40 41 42 165 47 166 167 168 89
p1:45 A 40 41 42 65 58
p1:46 A 40 41 42 91 54
p1:47 A 8 9 0 10 11 169 12 13 14 15 16 17 18
p1:48 A 22 23 24 14 16 17 50 51
p1:49 A 40 41 170 42 81 58 83
p1:50 A 159 160 161 45 46 47 48 79 49 95
p1:51 A 40 127 129 2 3 56 65 150 151 6 152
p1:52 A 159 160 161 45 26 27
p1:53 A 171 172 91 54 65
p1:54 A 40 41 42 173 43 45 46 47 48 174 49 95 175 39
p1:55 A 40 41 42 43 45 46 47 48 79 49 95
p1:56 A 20 21 0 22 23 24 25 26 27 29 58 140
p1:57 A 8 9 60 96 45 46 47 48 49 95
p1:58 A 40 41 42 43 45 53 176 177 178 179 180 181
p1:59 A 60 61 62 84 85 86 49 87 88 89
p1:60 A 40 41 182 183 42 184 79 185 186 187 188 189
p1:61 A 40 41 42 43 45 46 47 48 49 95
p1:62 A 40 41 42 190 53 54 55 56 57 84 36
p1:63 A 40 41 42 43 191 33 34 63 64 65
p1:64 A 22 23 24 79 14 16 17 50 51
p1:65 A 20 0 22 23 24 25 192 26 27 150
p1:66 A 8 9 0 10 11 12 13 14 15 16 17 18
p1:67 A 60 61 62 91 54 193 56 194 195 196 197
p1:68 A 40 41 42 190 53 54 55 56 57 198 84 36 89
p1:69 A 66 68 69 0 1 70 71 72 73 74 75 76 36 65 18
p1:70 A 40 41 42 43 45 46 47 48 79 109 65
p1:71 A 99 100 101 84 85 86 49 88 104 105 6
p1:72 A 40 41 182 42 184 186 187 188 189
p1:73 A 106 90 91 54 56 17 50 107 51 108
p1:74 A 40 41 22 23 24 199 14 16 17 50 51
p1:75 A 40 41 42 71 3 110 111 112 113 114
p1:76 A 0 1 200 201 91 84 36 156
p1:77 A 8 9 135 42 43 136 137 47 48 138 65 139 58 140
p1:78 A 202 22 23 200 203 201 204 91 54 79 205 168 89
p1:79 A 40 41 42 43 45 46 47 48 168 89
p1:80 A 206 0 1 71 78 122 123 36 65 18
p1:81 A 40 41 42 43 191 33 34 63 64 65
p1:82 A 22 147 23 24 148 26 27 36 37 38
p1:83 A 0 207 208 1 209 71 78 81 210 211 212
p1:84 A 60 96 13 54 122 213 49 95 39
p1:85 A 99 100 101 84 85 86 49 88 104 105 6
p1:86 A 8 9 131 60 96 132 13 98 89
p1:87 A 159 160 161 45 46 186 187 188 189
p1:88 A 66 68 69 0 1 70 71 72 73 74 75 79 76 36 65 18
p1:89 A 159 160 161 45 26 27
p1:90 A 0 1 71 78 81 50 51
p1:91 A 159 160 161 45 46 47 48 79 49 95
p1:92 A 202 22 23 200 201 204 35 84 36 156
p1:93 A 22 23 24 79 14 16 17 50 51
p1:94 A 159 160 161 45 26 27
p1:95 A 66 68 69 0 1 45 26 27
p1:96 A 40 41 42 10 11 153 12 102 13 98 154 56 151 6 152 214
p1:97 A 206 0 1 71 78 81 18
p1:98 A 40 127 129 215 2 3 122 216 217 89
p1:99 A 40 41 42 91 54
