#OUT: 5060 5060 SS p1 100 ./slim_s2/t_60.txt
Mutations:
18 4796 m1 2036 0 0.5 p1 118 34
97 12709 m1 126533 0 0.5 p1 315 4
104 13210 m1 35404 0 0.5 p1 327 5
2 14202 m1 54569 0 0.5 p1 352 21
100 16083 m1 38434 0 0.5 p1 399 7
11 18967 m1 138066 0 0.5 p1 472 7
0 19984 m1 22550 0 0.5 p1 499 22
10 20621 m1 131721 0 0.5 p1 513 10
105 21156 m1 40080 0 0.5 p1 528 5
63 24668 m1 132659 0 0.5 p1 615 10
25 25785 m1 88227 0 0.5 p1 642 13
140 28521 m1 27243 0 0.5 p1 711 1
76 29722 m1 21686 0 0.5 p1 742 4
13 32071 m1 148794 0 0.5 p1 802 17
44 32270 m1 97629 0 0.5 p1 806 15
19 33041 m1 3857 0 0.5 p1 825 33
62 33812 m1 122316 0 0.5 p1 845 4
207 33856 m1 57363 0 0.5 p1 846 2
68 35642 m1 91676 0 0.5 p1 892 20
103 37295 m1 128818 0 0.5 p1 936 9
153 37732 m1 188581 0 0.5 p1 949 3
115 38866 m1 115439 0 0.5 p1 977 5
78 40157 m1 56680 0 0.5 p1 1010 5
102 41679 m1 46998 0 0.5 p1 1049 6
96 42987 m1 125844 0 0.5 p1 1082 4
26 43912 m1 120683 0 0.5 p1 1106 10
35 44342 m1 14059 0 0.5 p1 1116 6
91 44706 m1 91113 0 0.5 p1 1125 5
101 45766 m1 41668 0 0.5 p1 1151 7
73 46911 m1 65077 0 0.5 p1 1180 9
1 47233 m1 31604 0 0.5 p1 1189 18
154 52056 m1 50760 0 0.5 p1 1308 6
28 52709 m1 154329 0 0.5 p1 1324 9
41 53721 m1 3637 0 0.5 p1 1349 10
40 53892 m1 3565 0 0.5 p1 1353 10
8 55199 m1 41719 0 0.5 p1 1385 6
56 60307 m1 159602 0 0.5 p1 1511 5
112 65066 m1 99736 0 0.5 p1 1629 5
157 68517 m1 90623 0 0.5 p1 1715 5
17 70249 m1 182268 0 0.5 p1 1759 11
46 70409 m1 153700 0 0.5 p1 1763 24
43 74203 m1 78886 0 0.5 p1 1857 16
80 76593 m1 74697 0 0.5 p1 1917 12
7 77232 m1 32060 0 0.5 p1 1933 6
92 77454 m1 101264 0 0.5 p1 1938 5
39 77615 m1 116118 0 0.5 p1 1943 11
206 79040 m1 47489 0 0.5 p1 1977 2
200 80863 m1 166214 0 0.5 p1 2021 1
158 83680 m1 91403 0 0.5 p1 2093 5
156 87202 m1 81427 0 0.5 p1 2182 5
113 88859 m1 100168 0 0.5 p1 2223 5
6 89798 m1 27363 0 0.5 p1 2245 9
152 90772 m1 153310 0 0.5 p1 2269 2
58 91341 m1 3772 0 0.5 p1 2284 7
21 91525 m1 21886 0 0.5 p1 2288 38
164 92695 m1 167348 0 0.5 p1 2318 2
139 93933 m1 2490 0 0.5 p1 2347 1
199 96749 m1 180909 0 0.5 p1 2417 3
53 99032 m1 189196 0 0.5 p1 2474 5
70 100326 m1 160674 0 0.5 p1 2508 10
30 101113 m1 173121 0 0.5 p1 2528 9
184 102697 m1 145083 0 0.5 p1 2567 2
123 102745 m1 131385 0 0.5 p1 2568 4
27 102959 m1 133288 0 0.5 p1 2573 12
12 104299 m1 145032 0 0.5 p1 2606 3
37 107172 m1 35454 0 0.5 p1 2678 7
47 107448 m1 20734 0 0.5 p1 2685 3
224 108162 m1 159229 0 0.5 p1 2704 1
110 109134 m1 189518 0 0.5 p1 2729 2
60 109916 m1 19704 0 0.5 p1 2748 7
34 110030 m1 13790 0 0.5 p1 2751 6
151 110377 m1 152618 0 0.5 p1 2760 2
71 110581 m1 194575 0 0.5 p1 2765 6
42 112470 m1 39099 0 0.5 p1 2813 3
121 113419 m1 98308 0 0.5 p1 2837 2
93 115549 m1 129372 0 0.5 p1 2888 6
119 117591 m1 76875 0 0.5 p1 2940 4
61 117607 m1 54987 0 0.5 p1 2940 4
233 119079 m1 88906 0 0.5 p1 2977 1
208 120706 m1 59777 0 0.5 p1 3020 2
4 120762 m1 142967 0 0.5 p1 3021 11
135 122679 m1 171194 0 0.5 p1 3070 1
185 122979 m1 123 0 0.5 p1 3078 1
169 123604 m1 120507 0 0.5 p1 3092 2
67 124113 m1 65052 0 0.5 p1 3105 11
65 124398 m1 37740 0 0.5 p1 3112 22
231 127277 m1 49534 0 0.5 p1 3180 1
232 127827 m1 84846 0 0.5 p1 3194 1
218 130174 m1 118484 0 0.5 p1 3251 1
64 130399 m1 178913 0 0.5 p1 3257 4
168 131560 m1 103160 0 0.5 p1 3286 3
69 132176 m1 98241 0 0.5 p1 3301 14
38 132951 m1 54797 0 0.5 p1 3320 14
49 133648 m1 120023 0 0.5 p1 3337 5
107 133826 m1 95912 0 0.5 p1 3341 1
24 133885 m1 75510 0 0.5 p1 3343 14
85 134393 m1 162477 0 0.5 p1 3356 3
203 137313 m1 47175 0 0.5 p1 3426 1
196 137720 m1 62679 0 0.5 p1 3436 2
108 138076 m1 116767 0 0.5 p1 3445 1
122 139453 m1 113387 0 0.5 p1 3479 2
14 139669 m1 153968 0 0.5 p1 3484 3
182 140139 m1 164734 0 0.5 p1 3496 2
15 140952 m1 166763 0 0.5 p1 3517 3
109 141300 m1 147182 0 0.5 p1 3526 1
238 142571 m1 144417 0 0.5 p1 3558 1
217 143527 m1 72426 0 0.5 p1 3582 1
125 143721 m1 5482 0 0.5 p1 3586 2
225 145827 m1 182625 0 0.5 p1 3639 1
5 146192 m1 181352 0 0.5 p1 3648 22
167 146295 m1 72069 0 0.5 p1 3651 3
198 147413 m1 135861 0 0.5 p1 3680 2
143 148958 m1 68739 0 0.5 p1 3720 1
77 149076 m1 29451 0 0.5 p1 3722 3
59 149281 m1 8322 0 0.5 p1 3727 7
146 149400 m1 148033 0 0.5 p1 3731 1
48 149429 m1 71837 0 0.5 p1 3732 4
3 149512 m1 81694 0 0.5 p1 3734 9
16 149690 m1 171303 0 0.5 p1 3738 3
120 151624 m1 81849 0 0.5 p1 3786 4
83 152217 m1 177480 0 0.5 p1 3802 4
82 153270 m1 105039 0 0.5 p1 3828 4
147 153446 m1 155365 0 0.5 p1 3832 1
86 153708 m1 170511 0 0.5 p1 3839 1
87 156155 m1 187331 0 0.5 p1 3898 1
189 156756 m1 53630 0 0.5 p1 3913 1
51 157345 m1 179942 0 0.5 p1 3927 5
165 157445 m1 67194 0 0.5 p1 3930 3
127 157496 m1 90585 0 0.5 p1 3931 2
136 157758 m1 117226 0 0.5 p1 3938 2
155 157885 m1 59383 0 0.5 p1 3941 6
52 158744 m1 183370 0 0.5 p1 3963 5
118 159884 m1 5979 0 0.5 p1 3992 1
202 161184 m1 44216 0 0.5 p1 4023 1
54 162128 m1 36464 0 0.5 p1 4048 8
223 162259 m1 43530 0 0.5 p1 4051 1
142 163560 m1 41994 0 0.5 p1 4085 1
237 163862 m1 142562 0 0.5 p1 4093 1
33 164441 m1 2291 0 0.5 p1 4108 1
126 165628 m1 7465 0 0.5 p1 4137 1
106 165661 m1 42804 0 0.5 p1 4138 3
170 166684 m1 5745 0 0.5 p1 4163 1
144 169730 m1 116726 0 0.5 p1 4239 1
74 170568 m1 92702 0 0.5 p1 4260 4
187 171156 m1 178940 0 0.5 p1 4274 1
177 171176 m1 18052 0 0.5 p1 4275 2
213 171593 m1 197843 0 0.5 p1 4286 2
150 171815 m1 150931 0 0.5 p1 4291 2
188 172997 m1 41102 0 0.5 p1 4322 1
159 173616 m1 110861 0 0.5 p1 4340 5
29 174090 m1 155505 0 0.5 p1 4351 3
162 174178 m1 139293 0 0.5 p1 4353 2
226 174914 m1 19172 0 0.5 p1 4372 1
216 175107 m1 72182 0 0.5 p1 4376 1
210 175911 m1 198950 0 0.5 p1 4397 1
222 176025 m1 30092 0 0.5 p1 4399 1
129 176604 m1 181414 0 0.5 p1 4413 3
94 176631 m1 172668 0 0.5 p1 4413 4
175 177679 m1 145904 0 0.5 p1 4439 1
45 178225 m1 143982 0 0.5 p1 4452 3
124 178258 m1 176064 0 0.5 p1 4453 2
90 178438 m1 22048 0 0.5 p1 4457 5
148 179891 m1 185135 0 0.5 p1 4494 1
211 180717 m1 33156 0 0.5 p1 4515 1
212 181294 m1 191956 0 0.5 p1 4530 1
215 182253 m1 85481 0 0.5 p1 4553 1
134 182751 m1 92342 0 0.5 p1 4565 1
23 182988 m1 7683 0 0.5 p1 4571 1
22 183809 m1 181716 0 0.5 p1 4592 6
149 184527 m1 126416 0 0.5 p1 4608 1
192 184538 m1 46323 0 0.5 p1 4609 1
171 184617 m1 27533 0 0.5 p1 4611 1
145 184637 m1 135602 0 0.5 p1 4612 1
88 185265 m1 17867 0 0.5 p1 4627 4
183 185273 m1 19666 0 0.5 p1 4627 2
195 185699 m1 53450 0 0.5 p1 4639 2
116 185771 m1 193740 0 0.5 p1 4641 1
161 185896 m1 135325 0 0.5 p1 4644 2
99 185903 m1 41110 0 0.5 p1 4644 1
111 186085 m1 23904 0 0.5 p1 4649 5
191 186463 m1 20190 0 0.5 p1 4659 1
227 187020 m1 26617 0 0.5 p1 4672 1
9 187109 m1 97799 0 0.5 p1 4674 1
138 187614 m1 173014 0 0.5 p1 4688 8
214 188231 m1 9478 0 0.5 p1 4704 1
133 188304 m1 122754 0 0.5 p1 4705 2
130 188880 m1 7358 0 0.5 p1 4719 1
141 189153 m1 34453 0 0.5 p1 4726 1
178 189284 m1 160355 0 0.5 p1 4729 2
163 189456 m1 145785 0 0.5 p1 4733 2
160 189517 m1 98320 0 0.5 p1 4734 2
117 189900 m1 181716 0 0.5 p1 4744 2
179 190099 m1 33865 0 0.5 p1 4749 1
230 190231 m1 182280 0 0.5 p1 4752 1
128 190562 m1 144983 0 0.5 p1 4760 1
132 191099 m1 95661 0 0.5 p1 4774 2
173 191251 m1 42450 0 0.5 p1 4777 1
186 191588 m1 61216 0 0.5 p1 4786 1
36 192307 m1 20332 0 0.5 p1 4803 1
79 192555 m1 65221 0 0.5 p1 4809 3
66 193068 m1 51097 0 0.5 p1 4822 1
166 193201 m1 70141 0 0.5 p1 4826 1
204 193221 m1 51908 0 0.5 p1 4827 1
201 193311 m1 8060 0 0.5 p1 4829 1
89 193784 m1 112719 0 0.5 p1 4841 2
180 193891 m1 120171 0 0.5 p1 4844 2
32 194433 m1 192543 0 0.5 p1 4857 2
229 194509 m1 126325 0 0.5 p1 4859 1
181 194588 m1 135778 0 0.5 p1 4860 2
197 194929 m1 86245 0 0.5 p1 4869 2
50 195164 m1 146110 0 0.5 p1 4874 1
234 195197 m1 160865 0 0.5 p1 4874 1
193 195337 m1 55855 0 0.5 p1 4878 1
220 196927 m1 192583 0 0.5 p1 4918 1
221 197036 m1 27608 0 0.5 p1 4921 1
95 197058 m1 139305 0 0.5 p1 4921 1
55 197526 m1 131066 0 0.5 p1 4933 2
176 197777 m1 113581 0 0.5 p1 4940 1
75 198087 m1 197448 0 0.5 p1 4948 1
172 198700 m1 61758 0 0.5 p1 4963 1
174 199146 m1 143907 0 0.5 p1 4975 1
20 199280 m1 18084 0 0.5 p1 4978 1
98 199322 m1 171558 0 0.5 p1 4979 1
190 199827 m1 59883 0 0.5 p1 4991 1
81 200190 m2 100000 0.0199999996 0.5 p1 5000 17
72 200382 m1 99513 0 0.5 p1 5005 1
228 200757 m1 33283 0 0.5 p1 5014 1
219 200942 m1 129811 0 0.5 p1 5019 1
31 200994 m1 173374 0 0.5 p1 5020 1
114 201402 m1 108136 0 0.5 p1 5031 1
209 201577 m1 177925 0 0.5 p1 5035 1
236 202148 m1 97516 0 0.5 p1 5049 1
235 202233 m1 107241 0 0.5 p1 5051 1
84 202288 m1 198608 0 0.5 p1 5053 1
194 202296 m1 106273 0 0.5 p1 5053 1
57 202306 m1 181740 0 0.5 p1 5053 1
137 202359 m1 158805 0 0.5 p1 5055 1
131 202378 m1 87155 0 0.5 p1 5055 1
205 202570 m1 161187 0 0.5 p1 5060 1
Genomes:
p1:0 A 0 1 2 3 4 5
p1:1 A 6 7 8 9 10 11 12 13 14 15 16 17
p1:2 A 18 19 20 21 4 5 22
p1:3 A 23 0 1 24 25 26 27 28 29 30 31 32
p1:4 A 33 34 35 36 37 38 39 27 28 29 30
p1:5 A 40 41 6 42 43 44 45 46
p1:6 A 47 48 43 44 49 26 50 51 17 52 53
p1:7 A 54 24 25 55 10 11 13 56 57
p1:8 A 58 59 60 0 1 61 62 10 63 64
p1:9 A 18 19 21 65 66 38 67 68 69 13 70 71
p1:10 A 40 41 6 42 43 44 45 46
p1:11 A 18 19 21 72 4 5 22
p1:12 A 18 19 21 65 73 43 74 44 4 5 75
p1:13 A 76 77 78 79 80 81 82 83 84
p1:14 A 6 7 8 80 82 85 86 17 87
p1:15 A 88 0 1 2 3 89 4 5 22
p1:16 A 18 19 21 90 2 80 91 92 93 94 5
p1:17 A 18 19 21 90 2 80 91 92 93 94 5
p1:18 A 18 19 21 90 68 69 95 13 70 71
p1:19 A 18 19 21 61 96 97 98 51 17 52 53
p1:20 A 18 19 21 65 99 38 67 68 69 13 70
p1:21 A 100 101 102 39 103 27 28 30
p1:22 A 18 19 21 104 105 106 73 48 43 44 81 49 26 51 17 52 53
p1:23 A 18 19 21 90 68 107 108 109 110
p1:24 A 111 54 24 25 46
p1:25 A 18 19 21 65 112 113 114 115 46 5 116
p1:26 A 18 19 21 2 80 91 92 93 94 5 117
p1:27 A 118 47 24 25 81 26 27 28 29 30 32
p1:28 A 21 65 119 120 68 121 122 123 124
p1:29 A 125 126 0 100 101 102 127 96 97 128 5 129
p1:30 A 18 19 130 21 90 2 80 91 92 93
p1:31 A 111 54 24 131 25 46
p1:32 A 88 0 1 2 3 4 5 22
p1:33 A 0 1 2 3 4 5
p1:34 A 18 19 21 65 132 112 113 115 133 46
p1:35 A 88 0 1 2 3 89 4 5 22
p1:36 A 125 0 100 101 102 127 134 81 96 97 135
p1:37 A 40 41 0 104 105 73 43 39 136 103 27 137 138
p1:38 A 139 140 141 142 2 143 80 81 144 145 146 147 85 17 148
p1:39 A 18 19 21 65 73 43 74 44 149 150 151 152 153
p1:40 A 111 54 24 25 81 46
p1:41 A 58 59 60 0 1 154 2 155 156 157 158 159 63 46 138
p1:42 A 6 7 8 24 25 160 26 161 162 163 164
p1:43 A 88 0 1 2 3 4 5 22
p1:44 A 34 35 37 38 165 166 167 68 168 169 123 83
p1:45 A 18 170 76 171 78 172 80 13 70 71
p1:46 A 18 19 21 65 173 112 113 115 174 175 46
p1:47 A 76 77 78 79 80 81 82 83
p1:48 A 40 41 6 42 43 44 45 46
p1:49 A 58 59 60 0 1 154 2 155 156 157 158 159 63 46 138
p1:50 A 100 101 102 176 39 103 27 28 30
p1:51 A 18 19 21 65 24 25 46
p1:52 A 40 41 177 21 65 119 120 68 69 46 178 5 129
p1:53 A 179 100 101 102 39 180 181 46 5
p1:54 A 54 24 39 103 27 51 17 52 53
p1:55 A 21 104 105 106 73 48 43 44 49 26 182 153
p1:56 A 34 35 37 38 165 167 68 81 168 169 123
p1:57 A 18 19 183 21 61 81 62 63 184 138
p1:58 A 185 37 38 186 67 68 69 180 181 46 5
p1:59 A 58 59 60 0 1 154 2 155 67 68 69 46 187 5
p1:60 A 100 188 101 102 189 190 39 103 27 28 30
p1:61 A 40 41 191 0 1 192 2 3 39 103 27 28 30
p1:62 A 21 65 119 120 68 121 122 123 124
p1:63 A 54 24 25 55 10 11 13 56
p1:64 A 34 35 37 38 67 68 69 81 13 70
p1:65 A 0 1 2 193 3 81 194 4 5
p1:66 A 18 19 21 65 38 67 68 69 13 70
p1:67 A 18 19 21 65 38 67 68 69 13 70
p1:68 A 18 19 21 65 73 43 74 44 150 151 152 153
p1:69 A 34 35 37 38 165 167 68 81 168 39 103 27 28 30
p1:70 A 40 41 6 7 8 195 196 43 197 44 10 198 11 13 56 199
p1:71 A 6 7 8 24 25 160 26 161 162 163 164 71
p1:72 A 18 19 183 21 61 62 63 184 200
p1:73 A 18 19 21 65 38 67 68 69 13 70
p1:74 A 201 100 101 202 203 204 62 10 63 205 64
p1:75 A 206 207 208 10 11 12 13 14 15 16 17
p1:76 A 18 19 21 65 132 112 113 115 133 46
p1:77 A 58 59 60 0 1 154 2 155 156 157 158 159 63 46 138
p1:78 A 206 207 208 10 11 12 13 14 15 16 209 17
p1:79 A 18 19 21 104 105 106 73 48 43 44 49 26 182 64 210
p1:80 A 18 19 21 211 65 38 67 68 69 13 70 212 71 213
p1:81 A 47 24 39 103 27 28 30
p1:82 A 18 19 214 21 65 215 44 96 97 51 17 52 53
p1:83 A 18 19 21 216 217 25 218 26 93 219 10 63 110
p1:84 A 40 41 0 104 105 73 43 39 136 103 27 138 220
p1:85 A 40 41 6 7 8 195 196 43 197 44 10 198 11 13 56 199
p1:86 A 111 54 24 25 46
p1:87 A 0 221 222 1 223 2 3 4 224 225 213
p1:88 A 58 59 60 0 1 154 2 155 156 157 158 159 63 46 138
p1:89 A 34 35 226 227 228 37 38 67 68 69 46 5
p1:90 A 111 54 24 25 81 46
p1:91 A 0 1 78 80 229 85 17 230
p1:92 A 76 77 78 79 80 81 82 83
p1:93 A 231 232 233 112 81 113 115 64
p1:94 A 18 19 21 65 43 44 49 26 56 234 199
p1:95 A 18 19 21 65 73 43 74 44 235 93 94 5 117
p1:96 A 58 59 60 0 1 154 2 155 156 157 158 159 63 46 138
p1:97 A 18 19 21 65 38 67 68 69 81 13 70 71
p1:98 A 40 41 177 21 65 119 120 68 69 46 178 5 129
p1:99 A 18 19 21 2 80 91 236 81 92 237 238
