#OUT: 5070 5070 SS p1 100 ./slim_s2/t_70.txt
Mutations:
8 4796 m1 2036 0 0.5 p1 118 34
35 12709 m1 126533 0 0.5 p1 315 10
89 13210 m1 35404 0 0.5 p1 327 2
52 14202 m1 54569 0 0.5 p1 352 18
17 16083 m1 38434 0 0.5 p1 399 8
85 18967 m1 138066 0 0.5 p1 472 7
30 19984 m1 22550 0 0.5 p1 499 17
157 20499 m1 48576 0 0.5 p1 511 1
84 20621 m1 131721 0 0.5 p1 513 10
90 21156 m1 40080 0 0.5 p1 528 2
197 21880 m1 123593 0 0.5 p1 544 1
80 24668 m1 132659 0 0.5 p1 615 7
23 25785 m1 88227 0 0.5 p1 642 14
127 28519 m1 64645 0 0.5 p1 711 3
155 29722 m1 21686 0 0.5 p1 742 2
68 32071 m1 148794 0 0.5 p1 802 21
42 32270 m1 97629 0 0.5 p1 806 8
9 33041 m1 3857 0 0.5 p1 825 34
79 33812 m1 122316 0 0.5 p1 845 3
112 33856 m1 57363 0 0.5 p1 846 3
66 35642 m1 91676 0 0.5 p1 892 20
12 37295 m1 128818 0 0.5 p1 936 4
62 38866 m1 115439 0 0.5 p1 977 2
31 41679 m1 46998 0 0.5 p1 1049 8
34 42987 m1 125844 0 0.5 p1 1082 10
95 43912 m1 120683 0 0.5 p1 1106 9
46 44342 m1 14059 0 0.5 p1 1116 11
130 44706 m1 91113 0 0.5 p1 1125 7
18 45766 m1 41668 0 0.5 p1 1151 8
92 46911 m1 65077 0 0.5 p1 1180 3
51 47233 m1 31604 0 0.5 p1 1189 16
177 52056 m1 50760 0 0.5 p1 1308 1
14 52709 m1 154329 0 0.5 p1 1324 6
39 53721 m1 3637 0 0.5 p1 1349 9
38 53892 m1 3565 0 0.5 p1 1353 9
3 55199 m1 41719 0 0.5 p1 1385 9
103 60307 m1 159602 0 0.5 p1 1511 1
60 65066 m1 99736 0 0.5 p1 1629 2
180 68517 m1 90623 0 0.5 p1 1715 1
101 68582 m1 84500 0 0.5 p1 1717 1
74 70249 m1 182268 0 0.5 p1 1759 8
28 70409 m1 153700 0 0.5 p1 1763 18
100 70565 m1 81651 0 0.5 p1 1768 1
41 74203 m1 78886 0 0.5 p1 1857 9
129 76593 m1 74697 0 0.5 p1 1917 7
2 77232 m1 32060 0 0.5 p1 1933 9
104 77358 m1 126797 0 0.5 p1 1936 4
131 77454 m1 101264 0 0.5 p1 1938 7
11 77615 m1 116118 0 0.5 p1 1943 5
111 79040 m1 47489 0 0.5 p1 1977 3
106 81993 m1 134315 0 0.5 p1 2050 4
181 83680 m1 91403 0 0.5 p1 2093 1
179 87202 m1 81427 0 0.5 p1 2182 1
61 88859 m1 100168 0 0.5 p1 2223 2
0 89798 m1 27363 0 0.5 p1 2245 15
148 91341 m1 3772 0 0.5 p1 2284 3
10 91525 m1 21886 0 0.5 p1 2288 37
143 92695 m1 167348 0 0.5 p1 2318 2
128 96320 m1 82747 0 0.5 p1 2406 2
76 99032 m1 189196 0 0.5 p1 2474 2
69 100326 m1 160674 0 0.5 p1 2508 14
15 101113 m1 173121 0 0.5 p1 2528 6
81 102697 m1 145083 0 0.5 p1 2567 2
162 102745 m1 131385 0 0.5 p1 2568 4
13 102959 m1 133288 0 0.5 p1 2573 6
86 104299 m1 145032 0 0.5 p1 2606 6
47 107172 m1 35454 0 0.5 p1 2678 12
134 107448 m1 20734 0 0.5 p1 2685 3
145 108162 m1 159229 0 0.5 p1 2704 1
7 109134 m1 189518 0 0.5 p1 2729 10
150 109916 m1 19704 0 0.5 p1 2748 3
45 110030 m1 13790 0 0.5 p1 2751 11
71 110581 m1 194575 0 0.5 p1 2765 5
40 112470 m1 39099 0 0.5 p1 2813 6
185 113419 m1 98308 0 0.5 p1 2837 1
153 115549 m1 129372 0 0.5 p1 2888 5
119 117591 m1 76875 0 0.5 p1 2940 4
78 117607 m1 54987 0 0.5 p1 2940 4
113 120706 m1 59777 0 0.5 p1 3020 3
54 120762 m1 142967 0 0.5 p1 3021 12
36 122679 m1 171194 0 0.5 p1 3070 3
123 122979 m1 123 0 0.5 p1 3078 2
173 123604 m1 120507 0 0.5 p1 3092 2
65 124113 m1 65052 0 0.5 p1 3105 16
59 124398 m1 37740 0 0.5 p1 3112 20
135 126466 m1 159846 0 0.5 p1 3161 3
166 130174 m1 118484 0 0.5 p1 3251 1
97 130399 m1 178913 0 0.5 p1 3257 4
172 131560 m1 103160 0 0.5 p1 3286 2
67 132176 m1 98241 0 0.5 p1 3301 17
48 132951 m1 54797 0 0.5 p1 3320 25
94 133648 m1 120023 0 0.5 p1 3337 2
4 133826 m1 95912 0 0.5 p1 3341 2
22 133885 m1 75510 0 0.5 p1 3343 12
202 134393 m1 162477 0 0.5 p1 3356 1
20 137313 m1 47175 0 0.5 p1 3426 4
105 138129 m1 133580 0 0.5 p1 3446 4
88 139669 m1 153968 0 0.5 p1 3484 6
96 140139 m1 164734 0 0.5 p1 3496 2
115 140952 m1 166763 0 0.5 p1 3517 2
25 141300 m1 147182 0 0.5 p1 3526 1
133 142571 m1 144417 0 0.5 p1 3558 3
99 143527 m1 72426 0 0.5 p1 3582 2
29 143721 m1 5482 0 0.5 p1 3586 2
147 145827 m1 182625 0 0.5 p1 3639 1
55 146192 m1 181352 0 0.5 p1 3648 19
171 146295 m1 72069 0 0.5 p1 3651 2
156 149076 m1 29451 0 0.5 p1 3722 2
149 149281 m1 8322 0 0.5 p1 3727 3
93 149429 m1 71837 0 0.5 p1 3732 2
53 149512 m1 81694 0 0.5 p1 3734 11
116 149690 m1 171303 0 0.5 p1 3738 2
120 151624 m1 81849 0 0.5 p1 3786 4
107 152217 m1 177480 0 0.5 p1 3802 4
6 152271 m1 105956 0 0.5 p1 3803 5
201 153270 m1 105039 0 0.5 p1 3828 1
203 153708 m1 170511 0 0.5 p1 3839 1
204 156155 m1 187331 0 0.5 p1 3898 1
72 156756 m1 53630 0 0.5 p1 3913 4
73 157345 m1 179942 0 0.5 p1 3927 2
169 157445 m1 67194 0 0.5 p1 3930 2
32 157496 m1 90585 0 0.5 p1 3931 3
178 157885 m1 59383 0 0.5 p1 3941 1
75 158744 m1 183370 0 0.5 p1 3963 2
174 159884 m1 5979 0 0.5 p1 3992 1
19 161184 m1 44216 0 0.5 p1 4023 3
27 162128 m1 36464 0 0.5 p1 4048 3
184 162259 m1 43530 0 0.5 p1 4051 1
132 163862 m1 142562 0 0.5 p1 4093 3
44 164441 m1 2291 0 0.5 p1 4108 2
91 165661 m1 42804 0 0.5 p1 4138 2
136 166906 m1 166376 0 0.5 p1 4170 2
126 168337 m1 53069 0 0.5 p1 4203 3
125 168962 m1 44053 0 0.5 p1 4219 2
188 170568 m1 92702 0 0.5 p1 4260 1
108 171156 m1 178940 0 0.5 p1 4274 1
118 171176 m1 18052 0 0.5 p1 4275 4
207 172997 m1 41102 0 0.5 p1 4322 2
182 173616 m1 110861 0 0.5 p1 4340 1
49 174090 m1 155505 0 0.5 p1 4351 2
141 174178 m1 139293 0 0.5 p1 4353 2
165 175107 m1 72182 0 0.5 p1 4376 1
98 175911 m1 198950 0 0.5 p1 4397 1
183 176025 m1 30092 0 0.5 p1 4399 1
122 176604 m1 181414 0 0.5 p1 4413 4
154 176631 m1 172668 0 0.5 p1 4413 3
43 178225 m1 143982 0 0.5 p1 4452 3
151 178438 m1 22048 0 0.5 p1 4457 3
216 179891 m1 185135 0 0.5 p1 4494 1
1 180410 m1 29342 0 0.5 p1 4507 1
64 180717 m1 33156 0 0.5 p1 4515 3
70 181294 m1 191956 0 0.5 p1 4530 3
215 182184 m1 150639 0 0.5 p1 4551 1
33 182751 m1 92342 0 0.5 p1 4565 3
144 182988 m1 7683 0 0.5 p1 4571 1
56 183809 m1 181716 0 0.5 p1 4592 8
124 184018 m1 8119 0 0.5 p1 4597 1
211 184720 m1 135069 0 0.5 p1 4614 1
50 185265 m1 17867 0 0.5 p1 4627 7
77 185273 m1 19666 0 0.5 p1 4627 2
140 185896 m1 135325 0 0.5 p1 4644 2
138 185903 m1 41110 0 0.5 p1 4644 6
26 186085 m1 23904 0 0.5 p1 4649 2
194 186751 m1 146881 0 0.5 p1 4666 1
161 187109 m1 97799 0 0.5 p1 4674 2
82 187614 m1 173014 0 0.5 p1 4688 5
160 188880 m1 7358 0 0.5 p1 4719 1
121 189284 m1 160355 0 0.5 p1 4729 4
142 189456 m1 145785 0 0.5 p1 4733 2
139 189517 m1 98320 0 0.5 p1 4734 2
199 189900 m1 181716 0 0.5 p1 4744 1
187 191662 m1 195679 0 0.5 p1 4788 1
137 191859 m1 185970 0 0.5 p1 4792 2
163 192307 m1 20332 0 0.5 p1 4803 1
196 192690 m1 27230 0 0.5 p1 4813 1
170 193201 m1 70141 0 0.5 p1 4826 1
21 193221 m1 51908 0 0.5 p1 4827 1
198 193295 m1 35531 0 0.5 p1 4828 1
16 193311 m1 8060 0 0.5 p1 4829 1
176 193784 m1 112719 0 0.5 p1 4841 1
110 194397 m1 4487 0 0.5 p1 4856 1
175 194433 m1 192543 0 0.5 p1 4857 1
159 195818 m1 159674 0 0.5 p1 4890 1
205 196546 m1 86944 0 0.5 p1 4908 1
186 196564 m1 96166 0 0.5 p1 4909 1
87 196849 m1 152509 0 0.5 p1 4916 4
193 196919 m1 85905 0 0.5 p1 4918 1
146 196962 m1 168756 0 0.5 p1 4919 1
164 197323 m1 57583 0 0.5 p1 4928 1
167 197517 m1 169859 0 0.5 p1 4933 1
102 197526 m1 131066 0 0.5 p1 4933 1
189 198087 m1 197448 0 0.5 p1 4948 1
212 198622 m1 61832 0 0.5 p1 4961 1
57 198724 m1 19160 0 0.5 p1 4963 1
83 199392 m1 116802 0 0.5 p1 4981 1
168 199423 m1 83594 0 0.5 p1 4981 2
114 199801 m1 65175 0 0.5 p1 4990 1
191 200114 m1 115167 0 0.5 p1 4999 1
192 200115 m1 169942 0 0.5 p1 4999 1
24 200167 m1 103914 0 0.5 p1 5000 1
5 200190 m2 100000 0.0199999996 0.5 p1 5000 25
190 200257 m1 104292 0 0.5 p1 5002 1
109 200470 m1 147125 0 0.5 p1 5007 1
214 200509 m1 118865 0 0.5 p1 5008 1
200 200852 m1 28287 0 0.5 p1 5017 1
209 200858 m1 157384 0 0.5 p1 5017 1
117 201092 m1 174640 0 0.5 p1 5023 1
158 201577 m1 177925 0 0.5 p1 5035 1
213 201805 m1 86717 0 0.5 p1 5041 1
152 201829 m1 76554 0 0.5 p1 5042 1
58 201860 m1 181972 0 0.5 p1 5043 1
208 201932 m1 141692 0 0.5 p1 5044 1
37 201993 m1 47847 0 0.5 p1 5046 1
217 202536 m1 33360 0 0.5 p1 5059 1
63 202673 m1 190014 0 0.5 p1 5063 1
195 202705 m1 38649 0 0.5 p1 5064 1
210 202716 m1 157410 0 0.5 p1 5064 1
206 202719 m1 24894 0 0.5 p1 5064 1
Genomes:
p1:0 A 0 1 2 3 4 5 6 7
p1:1 A 8 9 10 5 11 12 13 14 15
p1:2 A 16 17 18 19 20 21 22 23 5 24 25 7
p1:3 A 26 27 22 23 5 28
p1:4 A 29 30 17 18 31 32 33 5 34 35 36
p1:5 A 8 9 10 37 22 23
p1:6 A 38 39 0 40 41 42 43 28
p1:7 A 44 45 46 47 48 11 13 14 49 15
p1:8 A 50 30 51 52 53 5 54 55 56
p1:9 A 57 17 18 31 11 12 13 14 15 58
p1:10 A 8 9 10 59 60 61 62 28 63
p1:11 A 8 9 10 64 59 48 65 66 67 68 69 70 71
p1:12 A 17 18 31 72 34 35 73 74 75 76
p1:13 A 8 9 77 10 78 5 79 80 81 82
p1:14 A 50 30 51 52 53 5 54 55 56
p1:15 A 50 30 51 52 53 54 55 56
p1:16 A 45 46 47 48 5 83 34 35
p1:17 A 0 2 3 84 85 86 68 87 88 7
p1:18 A 8 9 10
p1:19 A 8 9 10 89 90 91 92 93 41 42 94 95 96 97 98
p1:20 A 8 9 10 59 48 99 100 101 102 84 85 68 103
p1:21 A 45 46 47 48 65 104 105 106 107
p1:22 A 45 46 47 48 65 66 67 28 108 55
p1:23 A 0 2 3 5 84 85 86 109 68 87 88 7
p1:24 A 8 9 110 10 111 112 113 114 84 85 86 68 88 115 116 117 74
p1:25 A 38 39 0 40 41 42 5 28
p1:26 A 38 39 118 10 59 119 120 66 67 28 121 55 122
p1:27 A 123 124 125 126 127 128 23 6 68 69 71
p1:28 A 0 2 3 84 85 86 68 87 88 7
p1:29 A 8 9 10 52 129 130 5 131 132 133
p1:30 A 134 22 23 95 135 136 74 137
p1:31 A 29 30 17 18 31 32 33 34 35 36
p1:32 A 50 30 51 52 53 5 54 55 56
p1:33 A 8 9 10 59 138 48 65 66 67 68 69
p1:34 A 8 9 10 59 48 65 66 67 5 68 69
p1:35 A 0 2 3 22 23 139 95 140 141 142 143
p1:36 A 30 51 19 20 22 23 104 105 106 107
p1:37 A 144 30 51 52 53 5 54 145 146 147
p1:38 A 148 149 150 30 51 48 34 35
p1:39 A 38 39 0 40 41 42 43 28
p1:40 A 50 30 51 52 53 54 55 56
p1:41 A 38 39 118 10 59 119 120 66 67 28 121 55 122
p1:42 A 38 39 0 40 41 42 5 28
p1:43 A 8 9 10 151 52 129 152 130 131 153 154 55
p1:44 A 155 156 157 28
p1:45 A 111 112 113 84 85 86 68 88 115 116 158 74
p1:46 A 47 48 65 5 104 105 106 107
p1:47 A 0 2 3 22 23 139 95 140 141 142 159 143
p1:48 A 8 9 160 10 151 52 129 130 131 153
p1:49 A 0 2 3 161 162 7
p1:50 A 44 45 46 163 47 126 164 127 165 99 23 166 95 153 84 80 167 7
p1:51 A 8 9 10 59 138 48 65 168 66 67 68 69
p1:52 A 45 46 47 48 169 170 171 66 172 173 162
p1:53 A 8 9 10 28 55
p1:54 A 174 134 22 23 5 95 13 14 49 15 175
p1:55 A 8 9 10 31 32 33 34 35 36
p1:56 A 50 30 51 52 53 176 54 55 56
p1:57 A 148 149 150 30 51 177 52 178 179 180 181 182 80 28 82
p1:58 A 30 183 51 184 52 53 185 95 135
p1:59 A 45 46 47 48 186 34 35 187
p1:60 A 8 9 10 59 92 41 188 42 54 55 189
p1:61 A 8 9 10 59 138 48 65 66 67 68 69
p1:62 A 38 39 118 10 59 119 120 66 67 190 28 121 55 122
p1:63 A 30 51 19 20 22 84 80 97
p1:64 A 50 30 51 52 53 5 191 54 192 55 56
p1:65 A 8 9 10 59 138 48 65 193 66 67 68 69
p1:66 A 0 40 41 23 6 194 68 69 71
p1:67 A 38 39 118 10 59 195 119 120 66 67 28 121 55 122
p1:68 A 123 196 125 126 127 128 23 6 197 80 28 82
p1:69 A 8 9 10 59 138 48 65 66 67 68 69
p1:70 A 8 9 10 198 78 129 130 131 132 133
p1:71 A 8 9 10 64 59 48 65 66 67 68 69 70 71
p1:72 A 8 9 10 52 129 130 131 153 154 55 199
p1:73 A 45 46 200 47 48 65 104 105 106 107
p1:74 A 27 22 201 202 203 74 204
p1:75 A 111 112 113 205 54 55
p1:76 A 45 46 206 47 48 34 35
p1:77 A 0 2 3 84 85 86 68 87 88 7
p1:78 A 17 207 18 31 72 5 11 12 13 14 15
p1:79 A 45 46 47 48 34 35
p1:80 A 8 9 51 52 53 5 208 54 209 55 56
p1:81 A 8 9 10 59 138 48 65 168 66 67 68 69
p1:82 A 17 207 18 31 72 5 11 12 13 14 15
p1:83 A 8 9 10 59 48 65 66 67 68 69
p1:84 A 134 22 23 95 135 136 74 137
p1:85 A 17 18 31 72 34 35 73 74 75 76
p1:86 A 8 9 10 59 60 5 61 62 28 210
p1:87 A 0 2 3 161 162 7
p1:88 A 30 51 20 66 4 6 211 7
p1:89 A 8 9 10 151 52 212 129 213 130 131 153 154 55
p1:90 A 26 27 22 23 28
p1:91 A 8 9 10 59 48 65 66 67 68 69
p1:92 A 8 9 77 10 78 79 80 81 82
p1:93 A 8 9 10 64 59 48 65 66 67 68 69 70 71
p1:94 A 155 156 52 53 54 82
p1:95 A 8 9 10 89 90 91 92 93 41 42 5 214 94 95 215 96 97
p1:96 A 38 39 0 40 41 42 43 28 74 216
p1:97 A 45 46 47 48 169 171 66 5 172 173 162
p1:98 A 8 9 10 52 129 130 131 132 133
p1:99 A 148 149 150 30 51 217 78 79 84 80 97
