#OUT: 5080 5080 SS p1 100 ./slim_s2/t_80.txt
Mutations:
11 4796 m1 2036 0 0.5 p1 118 28
91 12709 m1 126533 0 0.5 p1 315 6
139 13210 m1 35404 0 0.5 p1 327 3
27 14202 m1 54569 0 0.5 p1 352 18
74 16083 m1 38434 0 0.5 p1 399 9
83 18967 m1 138066 0 0.5 p1 472 4
25 19984 m1 22550 0 0.5 p1 499 25
48 20499 m1 48576 0 0.5 p1 511 1
82 20621 m1 131721 0 0.5 p1 513 4
140 21156 m1 40080 0 0.5 p1 528 3
209 21880 m1 123593 0 0.5 p1 544 2
65 24668 m1 132659 0 0.5 p1 615 6
34 25785 m1 88227 0 0.5 p1 642 21
96 28519 m1 64645 0 0.5 p1 711 3
46 29722 m1 21686 0 0.5 p1 742 7
84 32071 m1 148794 0 0.5 p1 802 9
18 32270 m1 97629 0 0.5 p1 806 13
12 33041 m1 3857 0 0.5 p1 825 24
187 33812 m1 122316 0 0.5 p1 845 2
219 33856 m1 57363 0 0.5 p1 846 1
5 35642 m1 91676 0 0.5 p1 892 8
122 37295 m1 128818 0 0.5 p1 936 11
23 37732 m1 188581 0 0.5 p1 949 3
128 38866 m1 115439 0 0.5 p1 977 5
104 40157 m1 56680 0 0.5 p1 1010 7
76 41679 m1 46998 0 0.5 p1 1049 8
90 42987 m1 125844 0 0.5 p1 1082 6
50 43912 m1 120683 0 0.5 p1 1106 15
40 44342 m1 14059 0 0.5 p1 1116 7
157 44706 m1 91113 0 0.5 p1 1125 4
75 45766 m1 41668 0 0.5 p1 1151 9
15 46911 m1 65077 0 0.5 p1 1180 5
26 47233 m1 31604 0 0.5 p1 1189 20
59 52056 m1 50760 0 0.5 p1 1308 3
52 52709 m1 154329 0 0.5 p1 1324 19
36 53721 m1 3637 0 0.5 p1 1349 9
35 53892 m1 3565 0 0.5 p1 1353 9
191 55199 m1 41719 0 0.5 p1 1385 5
85 60307 m1 159602 0 0.5 p1 1511 2
126 65066 m1 99736 0 0.5 p1 1629 7
62 68517 m1 90623 0 0.5 p1 1715 3
80 68582 m1 84500 0 0.5 p1 1717 1
108 70249 m1 182268 0 0.5 p1 1759 10
9 70409 m1 153700 0 0.5 p1 1763 20
79 70565 m1 81651 0 0.5 p1 1768 1
16 74203 m1 78886 0 0.5 p1 1857 13
68 76593 m1 74697 0 0.5 p1 1917 12
190 77232 m1 32060 0 0.5 p1 1933 5
42 77358 m1 126797 0 0.5 p1 1936 1
158 77454 m1 101264 0 0.5 p1 1938 4
77 77615 m1 116118 0 0.5 p1 1943 11
218 79040 m1 47489 0 0.5 p1 1977 1
189 80863 m1 166214 0 0.5 p1 2021 2
44 81993 m1 134315 0 0.5 p1 2050 1
63 83680 m1 91403 0 0.5 p1 2093 3
61 87202 m1 81427 0 0.5 p1 2182 3
127 88859 m1 100168 0 0.5 p1 2223 7
37 89798 m1 27363 0 0.5 p1 2245 13
22 90772 m1 153310 0 0.5 p1 2269 2
56 91341 m1 3772 0 0.5 p1 2284 5
13 91525 m1 21886 0 0.5 p1 2288 28
196 92695 m1 167348 0 0.5 p1 2318 2
97 96320 m1 82747 0 0.5 p1 2406 3
99 96749 m1 180909 0 0.5 p1 2417 2
147 99032 m1 189196 0 0.5 p1 2474 1
92 100326 m1 160674 0 0.5 p1 2508 5
54 101113 m1 173121 0 0.5 p1 2528 18
188 102697 m1 145083 0 0.5 p1 2567 2
198 102745 m1 131385 0 0.5 p1 2568 1
51 102959 m1 133288 0 0.5 p1 2573 19
215 104299 m1 145032 0 0.5 p1 2606 3
1 107172 m1 35454 0 0.5 p1 2678 8
49 107448 m1 20734 0 0.5 p1 2685 6
101 108162 m1 159229 0 0.5 p1 2704 4
112 109134 m1 189518 0 0.5 p1 2729 8
58 109916 m1 19704 0 0.5 p1 2748 5
39 110030 m1 13790 0 0.5 p1 2751 7
21 110377 m1 152618 0 0.5 p1 2760 2
115 110581 m1 194575 0 0.5 p1 2765 5
38 112470 m1 39099 0 0.5 p1 2813 8
162 115549 m1 129372 0 0.5 p1 2888 2
153 117591 m1 76875 0 0.5 p1 2940 1
165 117607 m1 54987 0 0.5 p1 2940 1
186 119079 m1 88906 0 0.5 p1 2977 2
220 120706 m1 59777 0 0.5 p1 3020 1
30 120762 m1 142967 0 0.5 p1 3021 11
106 122679 m1 171194 0 0.5 p1 3070 3
0 122979 m1 123 0 0.5 p1 3078 4
4 124113 m1 65052 0 0.5 p1 3105 7
14 124398 m1 37740 0 0.5 p1 3112 15
169 126466 m1 159846 0 0.5 p1 3161 3
184 127277 m1 49534 0 0.5 p1 3180 2
185 127827 m1 84846 0 0.5 p1 3194 2
167 130174 m1 118484 0 0.5 p1 3251 1
204 130399 m1 178913 0 0.5 p1 3257 1
138 131560 m1 103160 0 0.5 p1 3286 2
6 132176 m1 98241 0 0.5 p1 3301 6
2 132951 m1 54797 0 0.5 p1 3320 16
143 133648 m1 120023 0 0.5 p1 3337 3
33 133885 m1 75510 0 0.5 p1 3343 18
131 134393 m1 162477 0 0.5 p1 3356 2
177 137313 m1 47175 0 0.5 p1 3426 1
43 138129 m1 133580 0 0.5 p1 3446 1
206 139669 m1 153968 0 0.5 p1 3484 4
144 140139 m1 164734 0 0.5 p1 3496 2
207 140952 m1 166763 0 0.5 p1 3517 3
180 141300 m1 147182 0 0.5 p1 3526 1
160 142571 m1 144417 0 0.5 p1 3558 3
78 143527 m1 72426 0 0.5 p1 3582 2
86 143721 m1 5482 0 0.5 p1 3586 3
102 145827 m1 182625 0 0.5 p1 3639 4
10 146192 m1 181352 0 0.5 p1 3648 11
137 146295 m1 72069 0 0.5 p1 3651 2
47 149076 m1 29451 0 0.5 p1 3722 3
57 149281 m1 8322 0 0.5 p1 3727 5
142 149429 m1 71837 0 0.5 p1 3732 3
28 149512 m1 81694 0 0.5 p1 3734 12
208 149690 m1 171303 0 0.5 p1 3738 3
154 151624 m1 81849 0 0.5 p1 3786 1
45 152217 m1 177480 0 0.5 p1 3802 3
98 152271 m1 105956 0 0.5 p1 3803 7
69 153270 m1 105039 0 0.5 p1 3828 4
172 153708 m1 170511 0 0.5 p1 3839 1
173 156155 m1 187331 0 0.5 p1 3898 1
182 156756 m1 53630 0 0.5 p1 3913 1
107 157345 m1 179942 0 0.5 p1 3927 2
136 157445 m1 67194 0 0.5 p1 3930 2
88 157496 m1 90585 0 0.5 p1 3931 3
60 157885 m1 59383 0 0.5 p1 3941 3
109 158744 m1 183370 0 0.5 p1 3963 2
176 161184 m1 44216 0 0.5 p1 4023 1
72 162128 m1 36464 0 0.5 p1 4048 3
150 162259 m1 43530 0 0.5 p1 4051 1
159 163862 m1 142562 0 0.5 p1 4093 3
123 164441 m1 2291 0 0.5 p1 4108 3
141 165661 m1 42804 0 0.5 p1 4138 3
103 166684 m1 5745 0 0.5 p1 4163 4
170 166906 m1 166376 0 0.5 p1 4170 3
95 168337 m1 53069 0 0.5 p1 4203 3
94 168962 m1 44053 0 0.5 p1 4219 3
17 170568 m1 92702 0 0.5 p1 4260 2
152 171176 m1 18052 0 0.5 p1 4275 1
151 171593 m1 197843 0 0.5 p1 4286 1
20 171815 m1 150931 0 0.5 p1 4291 2
181 172997 m1 41102 0 0.5 p1 4322 1
64 173616 m1 110861 0 0.5 p1 4340 3
53 174090 m1 155505 0 0.5 p1 4351 8
194 174178 m1 139293 0 0.5 p1 4353 2
205 175911 m1 198950 0 0.5 p1 4397 1
149 176025 m1 30092 0 0.5 p1 4399 1
156 176604 m1 181414 0 0.5 p1 4413 1
129 177679 m1 145904 0 0.5 p1 4439 1
118 178438 m1 22048 0 0.5 p1 4457 3
166 178972 m1 10042 0 0.5 p1 4471 1
67 180717 m1 33156 0 0.5 p1 4515 2
200 181294 m1 191956 0 0.5 p1 4530 1
202 182253 m1 85481 0 0.5 p1 4553 1
89 182751 m1 92342 0 0.5 p1 4565 3
70 182988 m1 7683 0 0.5 p1 4571 7
214 183401 m1 12714 0 0.5 p1 4582 1
31 183809 m1 181716 0 0.5 p1 4592 6
93 184018 m1 8119 0 0.5 p1 4597 2
19 184527 m1 126416 0 0.5 p1 4608 2
110 184720 m1 135069 0 0.5 p1 4614 3
24 185265 m1 17867 0 0.5 p1 4627 6
168 185771 m1 193740 0 0.5 p1 4641 1
193 185896 m1 135325 0 0.5 p1 4644 2
71 186085 m1 23904 0 0.5 p1 4649 3
111 186595 m1 169143 0 0.5 p1 4662 3
197 187109 m1 97799 0 0.5 p1 4674 1
66 187614 m1 173014 0 0.5 p1 4688 4
201 188231 m1 9478 0 0.5 p1 4704 1
134 188304 m1 122754 0 0.5 p1 4705 3
117 188880 m1 7358 0 0.5 p1 4719 2
155 189284 m1 160355 0 0.5 p1 4729 1
195 189456 m1 145785 0 0.5 p1 4733 2
192 189517 m1 98320 0 0.5 p1 4734 2
73 190099 m1 33865 0 0.5 p1 4749 1
132 190231 m1 182280 0 0.5 p1 4752 1
133 191099 m1 95661 0 0.5 p1 4774 2
125 191251 m1 42450 0 0.5 p1 4777 1
3 191588 m1 61216 0 0.5 p1 4786 1
171 191859 m1 185970 0 0.5 p1 4792 3
148 192268 m1 107463 0 0.5 p1 4802 1
124 192307 m1 20332 0 0.5 p1 4803 1
116 192555 m1 65221 0 0.5 p1 4809 1
178 193221 m1 51908 0 0.5 p1 4827 1
164 193295 m1 35531 0 0.5 p1 4828 1
175 193311 m1 8060 0 0.5 p1 4829 1
105 193449 m1 91896 0 0.5 p1 4832 1
7 193891 m1 120171 0 0.5 p1 4844 2
55 194433 m1 192543 0 0.5 p1 4857 5
130 194509 m1 126325 0 0.5 p1 4859 1
8 194588 m1 135778 0 0.5 p1 4860 2
145 195326 m1 13142 0 0.5 p1 4878 2
146 196059 m1 76313 0 0.5 p1 4896 2
217 196849 m1 152509 0 0.5 p1 4916 1
114 197058 m1 139305 0 0.5 p1 4921 1
81 197526 m1 131066 0 0.5 p1 4933 1
210 197777 m1 113581 0 0.5 p1 4940 1
174 198014 m1 78456 0 0.5 p1 4946 2
121 198087 m1 197448 0 0.5 p1 4948 1
100 198160 m1 149682 0 0.5 p1 4950 1
203 198809 m1 107253 0 0.5 p1 4966 1
163 199089 m1 197164 0 0.5 p1 4973 2
135 199392 m1 116802 0 0.5 p1 4981 1
183 199827 m1 59883 0 0.5 p1 4991 1
113 200143 m1 33901 0 0.5 p1 4999 1
179 200167 m1 103914 0 0.5 p1 5000 1
29 200190 m2 100000 0.0199999996 0.5 p1 5000 27
120 200571 m1 91167 0 0.5 p1 5010 1
41 200852 m1 28287 0 0.5 p1 5017 1
212 200994 m1 173374 0 0.5 p1 5020 1
199 201210 m1 120008 0 0.5 p1 5026 1
221 201577 m1 177925 0 0.5 p1 5035 1
161 201725 m1 3952 0 0.5 p1 5039 1
211 201897 m1 180297 0 0.5 p1 5043 1
32 202019 m1 48814 0 0.5 p1 5046 1
213 202616 m1 184752 0 0.5 p1 5062 1
119 202648 m1 34235 0 0.5 p1 5062 1
87 203188 m1 87879 0 0.5 p1 5076 1
216 203211 m1 106956 0 0.5 p1 5076 1
Genomes:
p1:0 A 0 1 2 3 4 5 6 7 8 9 10
p1:1 A 11 12 13 14 15 16 17 18 19 20 21 22 23
p1:2 A 24 25 26 27 28 29 30 10 31
p1:3 A 11 12 13 32 33 34
p1:4 A 35 36 37 38 16 18 29 9
p1:5 A 39 40 41 1 2 4 42 43 44 45
p1:6 A 46 47 48 9
p1:7 A 49 33 34 50 51 52 53 54 55
p1:8 A 56 57 58 25 26 59 27 60 61 62 63 64 65 9 66
p1:9 A 13 67 14 2 4 68 29 69 45
p1:10 A 70 25 26 33 34 50 51 52 53 54 55
p1:11 A 24 25 26 27 28 29 30 10 31
p1:12 A 71 72 33 34 29 9
p1:13 A 73 74 75 76 77 7 8 9 10
p1:14 A 11 12 13 14 2 78 79 80 81 82 83 84 85
p1:15 A 86 25 74 75 76 87 88 89 90 91
p1:16 A 11 12 13 14 2 4 5 6 84 92
p1:17 A 0 93 94 95 96 97 34 98 51 52 99
p1:18 A 70 25 26 27 28 30 100 101 102
p1:19 A 11 103 46 104 68 105 50 9 106 107 108 109
p1:20 A 24 25 26 27 28 29 30 10 31
p1:21 A 11 103 46 104 68 29 98 110 111 112
p1:22 A 11 103 46 113 104 68 98 110 111 112
p1:23 A 11 12 13 14 2 4 5 6 114 84 92 115
p1:24 A 0 93 94 95 96 97 34 98 84 92 115
p1:25 A 46 47 104 116 68 29 69 45
p1:26 A 11 12 117 13 118 119 27 28 120 30 10 121
p1:27 A 35 36 37 38 16 18 122 51 52 54
p1:28 A 123 39 40 124 1 2 77 51 52 53 54
p1:29 A 11 12 13 33 34
p1:30 A 11 12 13 14 125 126 29 127 128 129 9
p1:31 A 25 26 104 68 130 131 108 132
p1:32 A 11 12 13 14 133 126 127 128 134 9
p1:33 A 39 40 1 2 29 135 90 91
p1:34 A 39 40 1 2 136 137 5 29 138 77 122 51 52 54
p1:35 A 39 40 1 2 136 137 5 29 138 77 122 51 52 54
p1:36 A 13 139 140 141 15 142 16 18 143 50 144 23
p1:37 A 35 36 145 37 38 146 16 18 29 112
p1:38 A 11 12 13 14 2 4 5 6 29 84 92
p1:39 A 11 12 13 139 140 141 15 142 16 18 143 50 107 108 109 147
p1:40 A 35 36 145 37 38 146 16 18 29 112
p1:41 A 11 12 13 118 14 126 127 148 128 134 9
p1:42 A 86 25 74 75 76 88 89 29 90 91 106
p1:43 A 25 149 26 150 27 28 30 101 102 151
p1:44 A 71 72 33 34 29 9
p1:45 A 35 36 152 13 14 153 154 5 6 9 155 10 156
p1:46 A 11 12 13 27 68 157 158 159 160
p1:47 A 11 12 13 14 133 126 127 128 134 9
p1:48 A 56 161 57 58 25 26 59 27 60 61 62 63 64 65 9 66
p1:49 A 24 25 26 27 28 30 10 31
p1:50 A 11 12 117 13 118 27 68 157 158 162
p1:51 A 70 25 26 27 28 29 30 101 102 163
p1:52 A 11 12 13 164 165 68 157 158 159 160
p1:53 A 70 25 26 27 28 29 30 101 102 163
p1:54 A 11 12 166 13 78 34 167 50 162 10 168
p1:55 A 49 33 34 50 51 52 53 54 55
p1:56 A 49 33 34 50 169 170 108 171
p1:57 A 46 47 104 68 69 131 172 108 173
p1:58 A 24 25 26 27 28 29 30 10 31
p1:59 A 35 36 37 38 174 16 18 122 85 99
p1:60 A 175 74 75 176 177 178 33 34 29 179 180 112
p1:61 A 74 181 75 76 182 183 77 122 51 52 54
p1:62 A 25 184 185 186 126 127 187 65 188 189 115
p1:63 A 37 190 191 33 34 192 50 193 194 195 196
p1:64 A 74 75 76 77 122 51 52 54
p1:65 A 11 12 13
p1:66 A 37 190 191 197 198 112
p1:67 A 35 36 37 38 16 18 29 9
p1:68 A 13 67 14 2 4 5 6 199 84 92 200 115
p1:69 A 56 57 58 25 26 59 27 60 61 62 63 64 65 9 66
p1:70 A 70 25 26 33 34 50 51 52 53 54 55
p1:71 A 49 33 34 50 169 170 108 171
p1:72 A 123 39 40 1 2 29 77 51 52 53 54
p1:73 A 24 25 26 27 28 30 10 31
p1:74 A 11 103 46 104 68 29 98 110 111 112
p1:75 A 11 12 201 13 14 202 69 203 9
p1:76 A 11 12 13 139 140 141 15 142 16 18 143 50 144 204 205
p1:77 A 11 12 13 14 126 127 128 206 207 208 108
p1:78 A 11 12 13 33 34 29
p1:79 A 86 25 74 75 76 88 89 90 91 106
p1:80 A 123 39 40 1 2 29 77 51 52 53 54
p1:81 A 11 12 13 27 68 157 158 159 160
p1:82 A 11 12 13 14 15 16 17 18 19 20 21 22 23
p1:83 A 0 94 95 96 97 34 98 209 9
p1:84 A 74 75 76 210 77 122 51 52 54
p1:85 A 37 190 191 33 34 192 50 193 194 195 196 211
p1:86 A 70 25 26 33 34 50 51 52 53 54 212 213 55
p1:87 A 71 72 33 34 29 9
p1:88 A 56 57 58 25 26 2 90 91
p1:89 A 214 37 190 191 82 83 215 84 206 207 208 108
p1:90 A 56 57 58 25 26 2 90 91
p1:91 A 25 184 185 186 126 127 187 65 188 189 115
p1:92 A 37 190 191 216 82 83 215 84 217 206 112
p1:93 A 49 33 34 50 169 170 108 171
p1:94 A 35 36 37 38 16 18 122 51 52 54
p1:95 A 35 36 37 38 174 16 18 122 51 52 54
p1:96 A 74 75 76 77 122 51 52 54
p1:97 A 49 33 77 122 51 52 54
p1:98 A 70 25 26 27 28 98 209 65 9 66
p1:99 A 218 219 220 82 83 215 84 206 207 208 221 108
