#OUT: 5090 5090 SS p1 100 ./slim_s2/t_90.txt
Mutations:
20 4796 m1 2036 0 0.5 p1 118 32
139 12709 m1 126533 0 0.5 p1 315 6
83 13210 m1 35404 0 0.5 p1 327 3
79 14202 m1 54569 0 0.5 p1 352 17
12 16083 m1 38434 0 0.5 p1 399 7
60 18967 m1 138066 0 0.5 p1 472 4
77 19984 m1 22550 0 0.5 p1 499 20
134 20499 m1 48576 0 0.5 p1 511 2
59 20621 m1 131721 0 0.5 p1 513 6
84 21156 m1 40080 0 0.5 p1 528 3
109 24668 m1 132659 0 0.5 p1 615 8
73 25785 m1 88227 0 0.5 p1 642 23
115 28519 m1 64645 0 0.5 p1 711 2
48 29722 m1 21686 0 0.5 p1 742 5
46 32071 m1 148794 0 0.5 p1 802 18
33 32270 m1 97629 0 0.5 p1 806 10
21 33041 m1 3857 0 0.5 p1 825 32
209 33812 m1 122316 0 0.5 p1 845 1
35 33856 m1 57363 0 0.5 p1 846 2
6 35642 m1 91676 0 0.5 p1 892 15
16 37295 m1 128818 0 0.5 p1 936 7
95 37732 m1 188581 0 0.5 p1 949 2
26 38866 m1 115439 0 0.5 p1 977 7
50 40157 m1 56680 0 0.5 p1 1010 4
14 41679 m1 46998 0 0.5 p1 1049 7
138 42987 m1 125844 0 0.5 p1 1082 6
39 43912 m1 120683 0 0.5 p1 1106 11
1 44342 m1 14059 0 0.5 p1 1116 9
159 44706 m1 91113 0 0.5 p1 1125 1
13 45766 m1 41668 0 0.5 p1 1151 7
30 46911 m1 65077 0 0.5 p1 1180 6
78 47233 m1 31604 0 0.5 p1 1189 16
103 52056 m1 50760 0 0.5 p1 1308 5
18 52709 m1 154329 0 0.5 p1 1324 11
128 53721 m1 3637 0 0.5 p1 1349 7
127 53892 m1 3565 0 0.5 p1 1353 7
57 55199 m1 41719 0 0.5 p1 1385 6
40 60307 m1 159602 0 0.5 p1 1511 3
24 65066 m1 99736 0 0.5 p1 1629 7
106 68517 m1 90623 0 0.5 p1 1715 5
65 70249 m1 182268 0 0.5 p1 1759 11
29 70409 m1 153700 0 0.5 p1 1763 26
31 74203 m1 78886 0 0.5 p1 1857 12
52 76593 m1 74697 0 0.5 p1 1917 5
56 77232 m1 32060 0 0.5 p1 1933 6
160 77454 m1 101264 0 0.5 p1 1938 1
15 77615 m1 116118 0 0.5 p1 1943 10
34 79040 m1 47489 0 0.5 p1 1977 2
158 80863 m1 166214 0 0.5 p1 2021 1
107 83680 m1 91403 0 0.5 p1 2093 5
105 87202 m1 81427 0 0.5 p1 2182 5
25 88859 m1 100168 0 0.5 p1 2223 7
55 89798 m1 27363 0 0.5 p1 2245 11
94 90772 m1 153310 0 0.5 p1 2269 2
99 91341 m1 3772 0 0.5 p1 2284 5
22 91525 m1 21886 0 0.5 p1 2288 32
124 92695 m1 167348 0 0.5 p1 2318 3
116 96320 m1 82747 0 0.5 p1 2406 3
42 96749 m1 180909 0 0.5 p1 2417 3
150 99032 m1 189196 0 0.5 p1 2474 1
47 100326 m1 160674 0 0.5 p1 2508 13
19 101113 m1 173121 0 0.5 p1 2528 10
157 102697 m1 145083 0 0.5 p1 2567 1
10 102745 m1 131385 0 0.5 p1 2568 3
17 102959 m1 133288 0 0.5 p1 2573 13
61 104299 m1 145032 0 0.5 p1 2606 3
2 107172 m1 35454 0 0.5 p1 2678 11
163 107448 m1 20734 0 0.5 p1 2685 4
168 108162 m1 159229 0 0.5 p1 2704 2
132 109134 m1 189518 0 0.5 p1 2729 3
102 109916 m1 19704 0 0.5 p1 2748 5
0 110030 m1 13790 0 0.5 p1 2751 9
93 110377 m1 152618 0 0.5 p1 2760 2
118 110581 m1 194575 0 0.5 p1 2765 6
130 112470 m1 39099 0 0.5 p1 2813 5
194 113419 m1 98308 0 0.5 p1 2837 1
68 115549 m1 129372 0 0.5 p1 2888 4
192 117591 m1 76875 0 0.5 p1 2940 1
145 117607 m1 54987 0 0.5 p1 2940 1
36 120706 m1 59777 0 0.5 p1 3020 2
81 120762 m1 142967 0 0.5 p1 3021 11
140 122679 m1 171194 0 0.5 p1 3070 2
111 122979 m1 123 0 0.5 p1 3078 3
9 123604 m1 120507 0 0.5 p1 3092 3
44 124113 m1 65052 0 0.5 p1 3105 12
23 124398 m1 37740 0 0.5 p1 3112 20
96 126466 m1 159846 0 0.5 p1 3161 2
143 130174 m1 118484 0 0.5 p1 3251 2
89 130399 m1 178913 0 0.5 p1 3257 2
8 131560 m1 103160 0 0.5 p1 3286 3
45 132176 m1 98241 0 0.5 p1 3301 11
3 132951 m1 54797 0 0.5 p1 3320 19
38 133648 m1 120023 0 0.5 p1 3337 2
72 133885 m1 75510 0 0.5 p1 3343 20
151 134393 m1 162477 0 0.5 p1 3356 2
207 137313 m1 47175 0 0.5 p1 3426 1
62 139669 m1 153968 0 0.5 p1 3484 3
88 140139 m1 164734 0 0.5 p1 3496 1
63 140952 m1 166763 0 0.5 p1 3517 3
142 143527 m1 72426 0 0.5 p1 3582 1
135 143721 m1 5482 0 0.5 p1 3586 2
169 145827 m1 182625 0 0.5 p1 3639 2
74 146192 m1 181352 0 0.5 p1 3648 11
5 146295 m1 72069 0 0.5 p1 3651 3
49 149076 m1 29451 0 0.5 p1 3722 5
101 149281 m1 8322 0 0.5 p1 3727 5
37 149429 m1 71837 0 0.5 p1 3732 2
80 149512 m1 81694 0 0.5 p1 3734 10
64 149690 m1 171303 0 0.5 p1 3738 3
193 151624 m1 81849 0 0.5 p1 3786 1
54 152217 m1 177480 0 0.5 p1 3802 3
117 152271 m1 105956 0 0.5 p1 3803 3
53 153270 m1 105039 0 0.5 p1 3828 4
152 153708 m1 170511 0 0.5 p1 3839 1
153 156155 m1 187331 0 0.5 p1 3898 1
156 156756 m1 53630 0 0.5 p1 3913 1
148 157345 m1 179942 0 0.5 p1 3927 1
4 157445 m1 67194 0 0.5 p1 3930 3
136 157496 m1 90585 0 0.5 p1 3931 3
188 157758 m1 117226 0 0.5 p1 3938 2
104 157885 m1 59383 0 0.5 p1 3941 5
149 158744 m1 183370 0 0.5 p1 3963 1
162 159884 m1 5979 0 0.5 p1 3992 2
206 161184 m1 44216 0 0.5 p1 4023 1
70 162128 m1 36464 0 0.5 p1 4048 9
189 164441 m1 2291 0 0.5 p1 4108 3
85 165661 m1 42804 0 0.5 p1 4138 1
97 166906 m1 166376 0 0.5 p1 4170 3
114 168337 m1 53069 0 0.5 p1 4203 2
113 168962 m1 44053 0 0.5 p1 4219 2
32 170568 m1 92702 0 0.5 p1 4260 3
92 171815 m1 150931 0 0.5 p1 4291 2
155 172997 m1 41102 0 0.5 p1 4322 1
108 173616 m1 110861 0 0.5 p1 4340 5
165 174090 m1 155505 0 0.5 p1 4351 7
122 174178 m1 139293 0 0.5 p1 4353 3
141 175107 m1 72182 0 0.5 p1 4376 1
199 177679 m1 145904 0 0.5 p1 4439 1
133 178225 m1 143982 0 0.5 p1 4452 3
126 178438 m1 22048 0 0.5 p1 4457 2
190 180717 m1 33156 0 0.5 p1 4515 1
191 181294 m1 191956 0 0.5 p1 4530 1
87 182184 m1 150639 0 0.5 p1 4551 1
137 182751 m1 92342 0 0.5 p1 4565 3
167 182988 m1 7683 0 0.5 p1 4571 3
82 183809 m1 181716 0 0.5 p1 4592 7
112 184018 m1 8119 0 0.5 p1 4597 2
91 184527 m1 126416 0 0.5 p1 4608 2
76 185265 m1 17867 0 0.5 p1 4627 6
75 185771 m1 193740 0 0.5 p1 4641 1
121 185896 m1 135325 0 0.5 p1 4644 3
43 185903 m1 41110 0 0.5 p1 4644 3
69 186085 m1 23904 0 0.5 p1 4649 7
181 186751 m1 146881 0 0.5 p1 4666 1
58 187109 m1 97799 0 0.5 p1 4674 1
110 187614 m1 173014 0 0.5 p1 4688 7
211 188304 m1 122754 0 0.5 p1 4705 1
125 188880 m1 7358 0 0.5 p1 4719 2
123 189456 m1 145785 0 0.5 p1 4733 3
120 189517 m1 98320 0 0.5 p1 4734 3
174 190099 m1 33865 0 0.5 p1 4749 1
201 190231 m1 182280 0 0.5 p1 4752 1
210 191099 m1 95661 0 0.5 p1 4774 1
197 191251 m1 42450 0 0.5 p1 4777 1
183 191588 m1 61216 0 0.5 p1 4786 1
178 191662 m1 195679 0 0.5 p1 4788 1
98 191859 m1 185970 0 0.5 p1 4792 4
51 192555 m1 65221 0 0.5 p1 4809 2
184 193201 m1 70141 0 0.5 p1 4826 1
208 193221 m1 51908 0 0.5 p1 4827 1
205 193311 m1 8060 0 0.5 p1 4829 1
177 193784 m1 112719 0 0.5 p1 4841 1
175 193891 m1 120171 0 0.5 p1 4844 2
166 194433 m1 192543 0 0.5 p1 4857 4
200 194509 m1 126325 0 0.5 p1 4859 1
176 194588 m1 135778 0 0.5 p1 4860 2
41 195197 m1 160865 0 0.5 p1 4874 1
129 195326 m1 13142 0 0.5 p1 4878 1
28 195785 m1 144211 0 0.5 p1 4889 2
185 195818 m1 159674 0 0.5 p1 4890 1
27 196005 m1 143398 0 0.5 p1 4894 2
131 196059 m1 76313 0 0.5 p1 4896 1
154 196849 m1 152509 0 0.5 p1 4916 1
173 197526 m1 131066 0 0.5 p1 4933 1
204 198014 m1 78456 0 0.5 p1 4946 1
179 198634 m1 158657 0 0.5 p1 4961 2
11 198724 m1 19160 0 0.5 p1 4963 1
119 198809 m1 107253 0 0.5 p1 4966 1
170 199089 m1 197164 0 0.5 p1 4973 1
198 199146 m1 143907 0 0.5 p1 4975 1
71 199175 m1 71778 0 0.5 p1 4975 1
147 199322 m1 171558 0 0.5 p1 4979 1
7 200190 m2 100000 0.0199999996 0.5 p1 5000 20
171 200382 m1 99513 0 0.5 p1 5005 1
86 200509 m1 118865 0 0.5 p1 5008 1
66 200852 m1 28287 0 0.5 p1 5017 1
195 201180 m1 136712 0 0.5 p1 5025 1
187 201272 m1 43972 0 0.5 p1 5027 1
196 201597 m1 45670 0 0.5 p1 5036 1
100 201725 m1 3952 0 0.5 p1 5039 1
202 201764 m1 119710 0 0.5 p1 5040 1
212 201993 m1 47847 0 0.5 p1 5046 1
90 202019 m1 48814 0 0.5 p1 5046 1
164 202293 m1 59023 0 0.5 p1 5053 1
186 202378 m1 87155 0 0.5 p1 5055 1
161 203099 m1 184389 0 0.5 p1 5074 1
67 203213 m1 72240 0 0.5 p1 5076 1
182 203309 m1 12693 0 0.5 p1 5079 1
180 203475 m1 89370 0 0.5 p1 5083 1
203 203591 m1 45671 0 0.5 p1 5086 1
144 203634 m1 173423 0 0.5 p1 5087 1
146 203680 m1 80189 0 0.5 p1 5088 1
172 203712 m1 172529 0 0.5 p1 5089 1
Genomes:
p1:0 A 0 1 2 3 4 5 6 7 8 9 10
p1:1 A 11 12 13 14 15 16 17 18 19
p1:2 A 20 21 22 23 24 25 26 27 28 29
p1:3 A 20 21 22 23 30 31 32 33 15 16 17 18 19
p1:4 A 20 21 22 23 34 35 36 37 31 33 38 39 40 41 42
p1:5 A 20 21 22 23 43 3 44 6 45 46 47
p1:6 A 48 49 50 51 52 7 53 54
p1:7 A 55 56 57 58 59 60 61 46 62 63 64 65
p1:8 A 0 1 66 2 3 44 67 68
p1:9 A 69 70 71 72 73 29
p1:10 A 20 21 22 23 3 44 6 45 46 47
p1:11 A 20 21 22 23 24 25 26 29 74 75
p1:12 A 76 77 78 79 80 81 74 82
p1:13 A 20 21 22 83 84 85 30 37 31 33 7 86 38 39 87 88 89
p1:14 A 20 21 22 90 72 73
p1:15 A 34 35 36 59 60 61 46 62 63 64 65
p1:16 A 20 21 22 23 30 31 32 33 91 92 93 94 95
p1:17 A 20 21 22 23 24 25 26 96 97 65 98
p1:18 A 99 100 101 102 77 78 103 79 104 105 106 107 108 109 29 110
p1:19 A 111 112 113 114 115 116 73 117 46 47 118
p1:20 A 48 49 50 52 53 119 29
p1:21 A 55 56 57 72 73 120 39 121 122 123 124
p1:22 A 69 70 72 73 7 29
p1:23 A 12 13 14 15 16 17 18 19
p1:24 A 20 21 22 23 72 73 29
p1:25 A 20 21 22 23 24 25 26 27 28 29
p1:26 A 20 21 22 23 43 3 44 6 45 46 47
p1:27 A 20 21 125 22 126 103 79 104 105 106 107 108 109 29 110
p1:28 A 127 128 129 55 130 131 31 33 7 132
p1:29 A 127 128 55 130 31 33 133 29
p1:30 A 48 49 134 29
p1:31 A 55 56 57 46 47 118
p1:32 A 135 77 12 13 14 136 137 7 138 139 140
p1:33 A 20 21 22 141 142 73 143 39 68 59 109 144 132
p1:34 A 20 21 22 145 146 138 139 147 148 65 149 150
p1:35 A 70 72 53 151 152 65 153
p1:36 A 55 56 57 59 60 61 46 154 62 132
p1:37 A 12 155 13 14 156 138 139 109 157 158
p1:38 A 55 56 57 72 73 120 39 121 122 123 124
p1:39 A 20 21 125 22 126 79 52 159 160 68
p1:40 A 76 77 78 79 80 7 81 74 82 161
p1:41 A 162 163 164 72 73 39 17 18 165 19 166
p1:42 A 99 101 102 77 78 103 79 104 105 106 107 108 109 29 110
p1:43 A 69 70 72 73 29
p1:44 A 167 77 78 79 80 7 81 168 169 170
p1:45 A 20 21 22 171 81 172 74 82
p1:46 A 70 72 73 173 59 60 46 40
p1:47 A 174 12 13 14 15 175 176 29 74
p1:48 A 76 77 78 79 80 81 74 82
p1:49 A 76 77 78 79 80 177 81 74 82
p1:50 A 20 21 22 23 3 44 6 45 138 139 178
p1:51 A 163 72 73 39 17 18 165 179 19 166
p1:52 A 162 163 72 73 180 7 39 17 18 165 19 166
p1:53 A 76 77 78 79 80 81 74 82
p1:54 A 135 77 12 13 14 136 137 7 181 46 47 118
p1:55 A 0 1 2 3 44 6 45 7 46 63 64 65
p1:56 A 20 21 22 15 16 17 18 42
p1:57 A 111 182 2 3 183 44 6 45 175 176 29 74
p1:58 A 20 21 22 23 30 31 32 33 91 92 93 94 95
p1:59 A 77 78 79 80 81 74
p1:60 A 111 112 113 114 115 116 73 117 46 47 118
p1:61 A 167 77 78 79 80 7 81 168 169
p1:62 A 0 1 2 3 4 184 5 6 8 9 10 54
p1:63 A 48 49 50 51 52 7 53 54
p1:64 A 0 1 2 3 44 6 45 7 46 47
p1:65 A 20 21 22 79 72 73 120 39 121 122 123 185 124
p1:66 A 69 70 72 186 73 29
p1:67 A 127 128 55 130 31 33 133 29
p1:68 A 127 128 77 83 84 187 30 31 15 188 16 17 110
p1:69 A 189 0 1 2 3 15 17 18 165 19
p1:70 A 20 21 22 14 136 137 138 139 140
p1:71 A 48 49 134 29
p1:72 A 69 70 72 73 7 29
p1:73 A 20 21 22 190 23 3 44 6 45 46 47 191 118
p1:74 A 20 21 22 23 3 44 6 45 46 47
p1:75 A 2 3 44 192 193 6 194 143 39 68 65
p1:76 A 0 1 2 3 4 5 6 7 8 9 10
p1:77 A 55 56 57 6 45 7 46 47
p1:78 A 167 77 78 79 80 81 110
p1:79 A 20 21 22 23 43 3 44 6 45 195 46 47
p1:80 A 99 101 102 77 78 103 79 104 105 106 107 108 109 29 110
p1:81 A 127 128 55 130 196 31 33 133 29 97 65 98
p1:82 A 20 21 22 72 73
p1:83 A 189 0 1 2 3 7 15 17 18 165 19
p1:84 A 20 21 22 23 24 25 26 96 97 65 98
p1:85 A 69 70 72 73 29
p1:86 A 20 21 22 23 197 24 25 26 198 199 29
p1:87 A 99 101 102 77 78 103 79 104 105 106 107 108 109 29 110
p1:88 A 77 78 50 52 200 151 65 201
p1:89 A 20 21 22 23 116 73 117 46 47 118
p1:90 A 99 101 102 77 78 3 202 138 139
p1:91 A 127 128 77 83 84 203 30 31 15 188 16 17 65 98
p1:92 A 127 128 55 130 204 31 33 16 40 42
p1:93 A 189 0 1 2 3 7 15 17 18 165 19
p1:94 A 205 12 13 206 207 208 209 59 109 89
p1:95 A 76 77 78 79 80 7 81 74 82
p1:96 A 69 70 72 73 29
p1:97 A 20 21 22 23 210 24 25 26 211 29
p1:98 A 163 72 73 39 17 18 165 179 19 166
p1:99 A 20 21 22 212 72 73
